mc	mn	quarterbeats	duration_qb	volta	mc_onset	mn_onset	event	timesig	staff	voice	duration	gracenote	tremolo	nominal_duration	scalar	chord_id	dynamics	articulation	staff_text	tempo	qpm	slur	crescendo_line
1	1	0	0.0		0	0	Tempo	6/8	1	1	0									Andante grazioso	75		
1	1	0	0.0		0	0	Dynamic	6/8	1	1	0						p						
1	1	0	0.0		0	0	Tempo	6/8	1	1	0									  = 50	75		
1	1	0	0.75		0	0	Chord	6/8	1	1	3/16			1/8	3/2	0						0	
1	1	3/4	0.25		3/16	3/16	Chord	6/8	1	1	1/16			1/16	1	1							
1	1	1	0.5		1/4	1/4	Chord	6/8	1	1	1/8			1/8	1	2							
1	1	3/2	1.0		3/8	3/8	Chord	6/8	1	1	1/4			1/4	1	3						1	
1	1	5/2	0.5		5/8	5/8	Chord	6/8	1	1	1/8			1/8	1	4							
1	1	0	1.0		0	0	Chord	6/8	2	1	1/4			1/4	1	5							
1	1	1	0.5		1/4	1/4	Chord	6/8	2	1	1/8			1/8	1	6							
1	1	3/2	1.0		3/8	3/8	Chord	6/8	2	1	1/4			1/4	1	7							
1	1	5/2	0.5		5/8	5/8	Chord	6/8	2	1	1/8			1/8	1	8							
1	1	0	0.75		0	0	Chord	6/8	2	2	3/16			1/8	3/2	9							
1	1	3/4	0.25		3/16	3/16	Chord	6/8	2	2	1/16			1/16	1	10							
1	1	1	0.5		1/4	1/4	Chord	6/8	2	2	1/8			1/8	1	11							
1	1	3/2	1.0		3/8	3/8	Chord	6/8	2	2	1/4			1/4	1	12							
1	1	5/2	0.5		5/8	5/8	Chord	6/8	2	2	1/8			1/8	1	13							
2	2	3	0.75		0	0	Chord	6/8	1	1	3/16			1/8	3/2	14						2	
2	2	15/4	0.25		3/16	3/16	Chord	6/8	1	1	1/16			1/16	1	15							
2	2	4	0.5		1/4	1/4	Chord	6/8	1	1	1/8			1/8	1	16							
2	2	9/2	1.0		3/8	3/8	Chord	6/8	1	1	1/4			1/4	1	17						3	
2	2	11/2	0.5		5/8	5/8	Chord	6/8	1	1	1/8			1/8	1	18							
2	2	3	1.0		0	0	Chord	6/8	2	1	1/4			1/4	1	19							
2	2	4	0.5		1/4	1/4	Chord	6/8	2	1	1/8			1/8	1	20							
2	2	9/2	1.0		3/8	3/8	Chord	6/8	2	1	1/4			1/4	1	21							
2	2	11/2	0.5		5/8	5/8	Chord	6/8	2	1	1/8			1/8	1	22							
2	2	3	0.75		0	0	Chord	6/8	2	2	3/16			1/8	3/2	23							
2	2	15/4	0.25		3/16	3/16	Chord	6/8	2	2	1/16			1/16	1	24							
2	2	4	0.5		1/4	1/4	Chord	6/8	2	2	1/8			1/8	1	25							
2	2	9/2	1.0		3/8	3/8	Chord	6/8	2	2	1/4			1/4	1	26							
2	2	11/2	0.5		5/8	5/8	Chord	6/8	2	2	1/8			1/8	1	27							
3	3	6	1.0		0	0	Chord	6/8	1	1	1/4			1/4	1	28							
3	3	7	0.5		1/4	1/4	Chord	6/8	1	1	1/8			1/8	1	29							
3	3	15/2	1.0		3/8	3/8	Chord	6/8	1	1	1/4			1/4	1	30							
3	3	17/2	0.5		5/8	5/8	Chord	6/8	1	1	1/8			1/8	1	31							
3	3	6	1.0		0	0	Chord	6/8	2	1	1/4			1/4	1	32							
3	3	7	0.5		1/4	1/4	Chord	6/8	2	1	1/8			1/8	1	33							
3	3	15/2	1.0		3/8	3/8	Chord	6/8	2	1	1/4			1/4	1	34							
3	3	17/2	0.5		5/8	5/8	Chord	6/8	2	1	1/8			1/8	1	35							
3	3	6	1.0		0	0	Chord	6/8	2	2	1/4			1/4	1	36							
3	3	7	0.5		1/4	1/4	Chord	6/8	2	2	1/8			1/8	1	37							
3	3	15/2	1.0		3/8	3/8	Chord	6/8	2	2	1/4			1/4	1	38							
3	3	17/2	0.5		5/8	5/8	Chord	6/8	2	2	1/8			1/8	1	39							
4	4	9	1.0		0	0	Chord	6/8	1	1	1/4			1/4	1	40							
4	4	10	0.25		1/4	1/4	Chord	6/8	1	1	1/16			1/16	1	41						4	
4	4	41/4	0.25		5/16	5/16	Chord	6/8	1	1	1/16			1/16	1	42							
4	4	21/2	0.0		3/8	3/8	Dynamic	6/8	1	1	0						p						
4	4	21/2	1.0		3/8	3/8	Chord	6/8	1	1	1/4			1/4	1	43						5	
4	4	23/2	0.5		5/8	5/8	Chord	6/8	1	1	1/8			1/8	1	44							
4	4	10	0.0		1/4	1/4	Dynamic	6/8	1	2	0						sf						
4	4	10	0.5		1/4	1/4	Chord	6/8	1	2	1/8			1/8	1	45							
4	4	9	1.0		0	0	Chord	6/8	2	1	1/4			1/4	1	46							
4	4	10	0.5		1/4	1/4	Chord	6/8	2	1	1/8			1/8	1	47							
4	4	21/2	1.5		3/8	3/8	Chord	6/8	2	1	3/8			1/4	3/2	48							
4	4	9	1.0		0	0	Chord	6/8	2	2	1/4			1/4	1	49							
5	5	12	0.75		0	0	Chord	6/8	1	1	3/16			1/8	3/2	50						6	
5	5	51/4	0.25		3/16	3/16	Chord	6/8	1	1	1/16			1/16	1	51							
5	5	13	0.5		1/4	1/4	Chord	6/8	1	1	1/8			1/8	1	52							
5	5	27/2	1.0		3/8	3/8	Chord	6/8	1	1	1/4			1/4	1	53							
5	5	29/2	0.5		5/8	5/8	Chord	6/8	1	1	1/8			1/8	1	54							
5	5	12	1.0		0	0	Chord	6/8	2	1	1/4			1/4	1	55							
5	5	13	0.5		1/4	1/4	Chord	6/8	2	1	1/8			1/8	1	56							
5	5	27/2	1.0		3/8	3/8	Chord	6/8	2	1	1/4			1/4	1	57							
5	5	29/2	0.5		5/8	5/8	Chord	6/8	2	1	1/8			1/8	1	58							
5	5	12	0.75		0	0	Chord	6/8	2	2	3/16			1/8	3/2	59							
5	5	51/4	0.25		3/16	3/16	Chord	6/8	2	2	1/16			1/16	1	60							
5	5	13	0.5		1/4	1/4	Chord	6/8	2	2	1/8			1/8	1	61							
5	5	27/2	1.0		3/8	3/8	Chord	6/8	2	2	1/4			1/4	1	62							
5	5	29/2	0.5		5/8	5/8	Chord	6/8	2	2	1/8			1/8	1	63							
6	6	15	0.75		0	0	Chord	6/8	1	1	3/16			1/8	3/2	64						7	
6	6	63/4	0.25		3/16	3/16	Chord	6/8	1	1	1/16			1/16	1	65						7	
6	6	16	0.5		1/4	1/4	Chord	6/8	1	1	1/8			1/8	1	66							
6	6	33/2	1.0		3/8	3/8	Chord	6/8	1	1	1/4			1/4	1	67							
6	6	35/2	0.5		5/8	5/8	Chord	6/8	1	1	1/8			1/8	1	68							
6	6	15	1.0		0	0	Chord	6/8	2	1	1/4			1/4	1	69							
6	6	16	0.5		1/4	1/4	Chord	6/8	2	1	1/8			1/8	1	70							
6	6	33/2	1.0		3/8	3/8	Chord	6/8	2	1	1/4			1/4	1	71							
6	6	35/2	0.5		5/8	5/8	Chord	6/8	2	1	1/8			1/8	1	72							
6	6	15	0.75		0	0	Chord	6/8	2	2	3/16			1/8	3/2	73							
6	6	63/4	0.25		3/16	3/16	Chord	6/8	2	2	1/16			1/16	1	74							
6	6	16	0.5		1/4	1/4	Chord	6/8	2	2	1/8			1/8	1	75							
6	6	33/2	1.0		3/8	3/8	Chord	6/8	2	2	1/4			1/4	1	76							
6	6	35/2	0.5		5/8	5/8	Chord	6/8	2	2	1/8			1/8	1	77							
7	7	18	1.0		0	0	Chord	6/8	1	1	1/4			1/4	1	78							
7	7	19	0.5		1/4	1/4	Chord	6/8	1	1	1/8			1/8	1	79							
7	7	39/2	1.0		3/8	3/8	Chord	6/8	1	1	1/4			1/4	1	80							
7	7	41/2	0.0		5/8	5/8	Dynamic	6/8	1	1	0						sf						
7	7	41/2	0.5		5/8	5/8	Chord	6/8	1	1	1/8			1/8	1	81							
7	7	18	1.0		0	0	Chord	6/8	2	1	1/4			1/4	1	82							
7	7	19	0.5		1/4	1/4	Chord	6/8	2	1	1/8			1/8	1	83							
7	7	39/2	1.0		3/8	3/8	Chord	6/8	2	1	1/4			1/4	1	84							
7	7	41/2	0.5		5/8	5/8	Chord	6/8	2	1	1/8			1/8	1	85							
7	7	18	1.0		0	0	Chord	6/8	2	2	1/4			1/4	1	86							
7	7	19	0.5		1/4	1/4	Chord	6/8	2	2	1/8			1/8	1	87							
7	7	39/2	1.0		3/8	3/8	Chord	6/8	2	2	1/4			1/4	1	88							
8	8	21	0.0		0	0	Dynamic	6/8	1	1	0						p						
8	8	21	1.0		0	0	Chord	6/8	1	1	1/4			1/4	1	89						8	
8	8	22	0.5		1/4	1/4	Chord	6/8	1	1	1/8			1/8	1	90							
8	8	45/2	1.0		3/8	3/8	Chord	6/8	1	1	1/4			1/4	1	91							
8	8	21	1.0		0	0	Chord	6/8	2	1	1/4			1/4	1	92							
8	8	22	0.5		1/4	1/4	Chord	6/8	2	1	1/8			1/8	1	93							
8	8	45/2	1.0		3/8	3/8	Chord	6/8	2	1	1/4			1/4	1	94							
9	9	24	0.75		0	0	Chord	6/8	1	1	3/16			1/8	3/2	95						9	
9	9	99/4	0.25		3/16	3/16	Chord	6/8	1	1	1/16			1/16	1	96							
9	9	25	0.5		1/4	1/4	Chord	6/8	1	1	1/8			1/8	1	97							
9	9	51/2	1.0		3/8	3/8	Chord	6/8	1	1	1/4			1/4	1	98							
9	9	53/2	0.5		5/8	5/8	Chord	6/8	1	1	1/8			1/8	1	99							
9	9	24	0.5		0	0	Chord	6/8	2	1	1/8			1/8	1	100							
9	9	49/2	0.5		1/8	1/8	Chord	6/8	2	1	1/8			1/8	1	101							
9	9	25	0.5		1/4	1/4	Chord	6/8	2	1	1/8			1/8	1	102							
9	9	51/2	0.5		3/8	3/8	Chord	6/8	2	1	1/8			1/8	1	103							
9	9	26	0.5		1/2	1/2	Chord	6/8	2	1	1/8			1/8	1	104							
9	9	53/2	0.5		5/8	5/8	Chord	6/8	2	1	1/8			1/8	1	105							
10	10	27	0.0		0	0	Chord	6/8	1	1	0	grace32		1/16	1	106							
10	10	27	0.0		0	0	Chord	6/8	1	1	0	grace32		1/16	1	107							
10	10	27	0.75		0	0	Chord	6/8	1	1	3/16			1/8	3/2	108							
10	10	111/4	0.25		3/16	3/16	Chord	6/8	1	1	1/16			1/16	1	109							
10	10	28	0.5		1/4	1/4	Chord	6/8	1	1	1/8			1/8	1	110							
10	10	57/2	0.5		3/8	3/8	Chord	6/8	1	1	1/8			1/8	1	111						10	
10	10	29	0.5		1/2	1/2	Chord	6/8	1	1	1/8			1/8	1	112							
10	10	59/2	0.5		5/8	5/8	Chord	6/8	1	1	1/8			1/8	1	113							
10	10	27	0.5		0	0	Chord	6/8	2	1	1/8			1/8	1	114							
10	10	55/2	0.5		1/8	1/8	Chord	6/8	2	1	1/8			1/8	1	115							
10	10	28	0.5		1/4	1/4	Chord	6/8	2	1	1/8			1/8	1	116							
10	10	57/2	0.5		3/8	3/8	Chord	6/8	2	1	1/8			1/8	1	117							
10	10	29	0.5		1/2	1/2	Chord	6/8	2	1	1/8			1/8	1	118							
10	10	59/2	0.5		5/8	5/8	Chord	6/8	2	1	1/8			1/8	1	119							
11	11	30	0.0		0	0	Dynamic	6/8	1	1	0						sf						
11	11	30	0.5		0	0	Chord	6/8	1	1	1/8			1/8	1	120						11	
11	11	61/2	0.5		1/8	1/8	Chord	6/8	1	1	1/8			1/8	1	121							
11	11	31	0.5		1/4	1/4	Chord	6/8	1	1	1/8			1/8	1	122							
11	11	63/2	0.0		3/8	3/8	Dynamic	6/8	1	1	0						sf						
11	11	63/2	0.5		3/8	3/8	Chord	6/8	1	1	1/8			1/8	1	123						12	
11	11	32	0.5		1/2	1/2	Chord	6/8	1	1	1/8			1/8	1	124							
11	11	65/2	0.5		5/8	5/8	Chord	6/8	1	1	1/8			1/8	1	125							
11	11	30	1.0		0	0	Chord	6/8	2	1	1/4			1/4	1	126							
11	11	63/2	1.0		3/8	3/8	Chord	6/8	2	1	1/4			1/4	1	127							
12	12	33	0.0		0	0	Dynamic	6/8	1	1	0						sf						
12	12	33	0.5		0	0	Chord	6/8	1	1	1/8			1/8	1	128						13	
12	12	67/2	0.5		1/8	1/8	Chord	6/8	1	1	1/8			1/8	1	129							
12	12	34	0.5		1/4	1/4	Chord	6/8	1	1	1/8			1/8	1	130							
12	12	69/2	1.0		3/8	3/8	Chord	6/8	1	1	1/4			1/4	1	131						14	
12	12	71/2	0.5		5/8	5/8	Chord	6/8	1	1	1/8			1/8	1	132							
12	12	33	1.0		0	0	Chord	6/8	2	1	1/4			1/4	1	133							
12	12	34	0.5		1/4	1/4	Chord	6/8	2	1	1/8			1/8	1	134							
12	12	69/2	1.5		3/8	3/8	Chord	6/8	2	1	3/8			1/4	3/2	135							
13	13	36	0.75		0	0	Chord	6/8	1	1	3/16			1/8	3/2	136						15	
13	13	147/4	0.25		3/16	3/16	Chord	6/8	1	1	1/16			1/16	1	137							
13	13	37	0.5		1/4	1/4	Chord	6/8	1	1	1/8			1/8	1	138							
13	13	75/2	1.0		3/8	3/8	Chord	6/8	1	1	1/4			1/4	1	139							
13	13	77/2	0.5		5/8	5/8	Chord	6/8	1	1	1/8			1/8	1	140							
13	13	36	1.0		0	0	Chord	6/8	2	1	1/4			1/4	1	141							
13	13	37	0.5		1/4	1/4	Chord	6/8	2	1	1/8			1/8	1	142							
13	13	75/2	1.0		3/8	3/8	Chord	6/8	2	1	1/4			1/4	1	143							
13	13	77/2	0.5		5/8	5/8	Chord	6/8	2	1	1/8			1/8	1	144							
13	13	36	0.75		0	0	Chord	6/8	2	2	3/16			1/8	3/2	145							
13	13	147/4	0.25		3/16	3/16	Chord	6/8	2	2	1/16			1/16	1	146							
13	13	37	0.5		1/4	1/4	Chord	6/8	2	2	1/8			1/8	1	147							
13	13	75/2	1.0		3/8	3/8	Chord	6/8	2	2	1/4			1/4	1	148							
13	13	77/2	0.5		5/8	5/8	Chord	6/8	2	2	1/8			1/8	1	149							
14	14	39	0.75		0	0	Chord	6/8	1	1	3/16			1/8	3/2	150						16	
14	14	159/4	0.25		3/16	3/16	Chord	6/8	1	1	1/16			1/16	1	151							
14	14	40	0.5		1/4	1/4	Chord	6/8	1	1	1/8			1/8	1	152							
14	14	81/2	1.0		3/8	3/8	Chord	6/8	1	1	1/4			1/4	1	153							
14	14	83/2	0.5		5/8	5/8	Chord	6/8	1	1	1/8			1/8	1	154							
14	14	39	1.0		0	0	Chord	6/8	2	1	1/4			1/4	1	155							
14	14	40	0.5		1/4	1/4	Chord	6/8	2	1	1/8			1/8	1	156							
14	14	81/2	1.0		3/8	3/8	Chord	6/8	2	1	1/4			1/4	1	157							
14	14	83/2	0.5		5/8	5/8	Chord	6/8	2	1	1/8			1/8	1	158							
14	14	39	0.75		0	0	Chord	6/8	2	2	3/16			1/8	3/2	159							
14	14	159/4	0.25		3/16	3/16	Chord	6/8	2	2	1/16			1/16	1	160							
14	14	40	0.5		1/4	1/4	Chord	6/8	2	2	1/8			1/8	1	161							
14	14	81/2	1.0		3/8	3/8	Chord	6/8	2	2	1/4			1/4	1	162							
14	14	83/2	0.5		5/8	5/8	Chord	6/8	2	2	1/8			1/8	1	163							
15	15	42	1.0		0	0	Chord	6/8	1	1	1/4			1/4	1	164							
15	15	43	0.5		1/4	1/4	Chord	6/8	1	1	1/8			1/8	1	165							
15	15	87/2	1.0		3/8	3/8	Chord	6/8	1	1	1/4			1/4	1	166							
15	15	89/2	0.0		5/8	5/8	Dynamic	6/8	1	1	0						sf						
15	15	89/2	0.5		5/8	5/8	Chord	6/8	1	1	1/8			1/8	1	167							
15	15	42	1.0		0	0	Chord	6/8	2	1	1/4			1/4	1	168							
15	15	43	0.5		1/4	1/4	Chord	6/8	2	1	1/8			1/8	1	169							
15	15	87/2	1.0		3/8	3/8	Chord	6/8	2	1	1/4			1/4	1	170							
15	15	89/2	0.5		5/8	5/8	Chord	6/8	2	1	1/8			1/8	1	171							
15	15	42	1.0		0	0	Chord	6/8	2	2	1/4			1/4	1	172							
15	15	43	0.5		1/4	1/4	Chord	6/8	2	2	1/8			1/8	1	173							
15	15	87/2	1.0		3/8	3/8	Chord	6/8	2	2	1/4			1/4	1	174							
16	16	45	0.0		0	0	Dynamic	6/8	1	1	0						p						
16	16	45	1.0		0	0	Chord	6/8	1	1	1/4			1/4	1	175							
16	16	46	0.5		1/4	1/4	Chord	6/8	1	1	1/8			1/8	1	176							
16	16	93/2	1.0		3/8	3/8	Chord	6/8	1	1	1/4			1/4	1	177						17	
16	16	95/2	0.5		5/8	5/8	Chord	6/8	1	1	1/8			1/8	1	178							
16	16	93/2	1.5		3/8	3/8	Chord	6/8	1	2	3/8			1/4	3/2	179							
16	16	45	1.0		0	0	Chord	6/8	2	1	1/4			1/4	1	180							
16	16	46	0.5		1/4	1/4	Chord	6/8	2	1	1/8			1/8	1	181							
16	16	93/2	1.5		3/8	3/8	Chord	6/8	2	1	3/8			1/4	3/2	182							
17	17	48	0.0		0	0	Dynamic	6/8	1	1	0						f						
17	17	48	1.0		0	0	Chord	6/8	1	1	1/4			1/4	1	183							
17	17	49	0.5		1/4	1/4	Chord	6/8	1	1	1/8			1/8	1	184							
17	17	99/2	1.0		3/8	3/8	Chord	6/8	1	1	1/4			1/4	1	185							
17	17	101/2	0.25		5/8	5/8	Chord	6/8	1	1	1/16			1/16	1	186						18	
17	17	203/4	0.125		11/16	11/16	Chord	6/8	1	1	1/32			1/32	1	187						18	
17	17	407/8	0.125		23/32	23/32	Chord	6/8	1	1	1/32			1/32	1	188							
17	17	48	1.0		0	0	Chord	6/8	2	1	1/4			1/4	1	189							
17	17	49	0.5		1/4	1/4	Chord	6/8	2	1	1/8			1/8	1	190							
17	17	99/2	1.0		3/8	3/8	Chord	6/8	2	1	1/4			1/4	1	191							
17	17	101/2	0.5		5/8	5/8	Chord	6/8	2	1	1/8			1/8	1	192							
18	18	51	1.0		0	0	Chord	6/8	1	1	1/4			1/4	1	193							
18	18	52	0.25		1/4	1/4	Chord	6/8	1	1	1/16			1/16	1	194						19	
18	18	209/4	0.25		5/16	5/16	Chord	6/8	1	1	1/16			1/16	1	195							
18	18	105/2	1.0		3/8	3/8	Chord	6/8	1	1	1/4			1/4	1	196							
18	18	52	0.5		1/4	1/4	Chord	6/8	1	2	1/8			1/8	1	197							
18	18	105/2	1.0		3/8	3/8	Chord	6/8	1	2	1/4			1/4	1	198							
18	18	51	1.0		0	0	Chord	6/8	2	1	1/4			1/4	1	199							
18	18	52	0.5		1/4	1/4	Chord	6/8	2	1	1/8			1/8	1	200							
18	18	105/2	1.0		3/8	3/8	Chord	6/8	2	1	1/4			1/4	1	201							
19	19	54	0.0		0	0	Dynamic	6/8	1	1	0						p						
19	19	54	0.25		0	0	Chord	6/8	1	1	1/16			1/16	1	202						20	
19	19	217/4	0.25		1/16	1/16	Chord	6/8	1	1	1/16			1/16	1	203							
19	19	219/4	0.25		3/16	3/16	Chord	6/8	1	1	1/16			1/16	1	204						21	
19	19	55	0.25		1/4	1/4	Chord	6/8	1	1	1/16			1/16	1	205						21	
19	19	221/4	0.25		5/16	5/16	Chord	6/8	1	1	1/16			1/16	1	206							
19	19	111/2	0.25		3/8	3/8	Chord	6/8	1	1	1/16			1/16	1	207						22	
19	19	223/4	0.25		7/16	7/16	Chord	6/8	1	1	1/16			1/16	1	208							
19	19	225/4	0.25		9/16	9/16	Chord	6/8	1	1	1/16			1/16	1	209						23	
19	19	113/2	0.25		5/8	5/8	Chord	6/8	1	1	1/16			1/16	1	210						23	
19	19	227/4	0.25		11/16	11/16	Chord	6/8	1	1	1/16			1/16	1	211							
19	19	109/2	0.0		1/8	1/8	Dynamic	6/8	2	1	0						p						
19	19	109/2	0.5		1/8	1/8	Chord	6/8	2	1	1/8			1/8	1	212							
19	19	56	0.5		1/2	1/2	Chord	6/8	2	1	1/8			1/8	1	213							
20	20	57	0.25		0	0	Chord	6/8	1	1	1/16			1/16	1	214						24	
20	20	229/4	0.25		1/16	1/16	Chord	6/8	1	1	1/16			1/16	1	215							
20	20	231/4	0.25		3/16	3/16	Chord	6/8	1	1	1/16			1/16	1	216						25	
20	20	58	0.25		1/4	1/4	Chord	6/8	1	1	1/16			1/16	1	217						25	
20	20	233/4	0.25		5/16	5/16	Chord	6/8	1	1	1/16			1/16	1	218							
20	20	117/2	0.25		3/8	3/8	Chord	6/8	1	1	1/16			1/16	1	219						26	
20	20	235/4	0.25		7/16	7/16	Chord	6/8	1	1	1/16			1/16	1	220							
20	20	237/4	0.25		9/16	9/16	Chord	6/8	1	1	1/16			1/16	1	221						27	
20	20	119/2	0.25		5/8	5/8	Chord	6/8	1	1	1/16			1/16	1	222						27	
20	20	239/4	0.25		11/16	11/16	Chord	6/8	1	1	1/16			1/16	1	223							
20	20	115/2	0.5		1/8	1/8	Chord	6/8	2	1	1/8			1/8	1	224							
20	20	59	0.5		1/2	1/2	Chord	6/8	2	1	1/8			1/8	1	225							
21	21	60	0.25		0	0	Chord	6/8	1	1	1/16			1/16	1	226						28	
21	21	241/4	0.25		1/16	1/16	Chord	6/8	1	1	1/16			1/16	1	227							
21	21	243/4	0.25		3/16	3/16	Chord	6/8	1	1	1/16			1/16	1	228						29	
21	21	61	0.25		1/4	1/4	Chord	6/8	1	1	1/16			1/16	1	229						29	
21	21	245/4	0.25		5/16	5/16	Chord	6/8	1	1	1/16			1/16	1	230							
21	21	123/2	0.25		3/8	3/8	Chord	6/8	1	1	1/16			1/16	1	231						30	
21	21	247/4	0.25		7/16	7/16	Chord	6/8	1	1	1/16			1/16	1	232							
21	21	249/4	0.25		9/16	9/16	Chord	6/8	1	1	1/16			1/16	1	233						31	
21	21	125/2	0.25		5/8	5/8	Chord	6/8	1	1	1/16			1/16	1	234						31	
21	21	251/4	0.25		11/16	11/16	Chord	6/8	1	1	1/16			1/16	1	235							
21	21	121/2	0.5		1/8	1/8	Chord	6/8	2	1	1/8			1/8	1	236							
21	21	62	0.5		1/2	1/2	Chord	6/8	2	1	1/8			1/8	1	237							
22	22	63	0.25		0	0	Chord	6/8	1	1	1/16			1/16	1	238						32	
22	22	253/4	0.25		1/16	1/16	Chord	6/8	1	1	1/16			1/16	1	239						32	
22	22	127/2	0.25		1/8	1/8	Chord	6/8	1	1	1/16			1/16	1	240						32	
22	22	255/4	0.25		3/16	3/16	Chord	6/8	1	1	1/16			1/16	1	241						32	
22	22	64	0.25		1/4	1/4	Chord	6/8	1	1	1/16			1/16	1	242						32	
22	22	257/4	0.25		5/16	5/16	Chord	6/8	1	1	1/16			1/16	1	243							
22	22	129/2	0.25		3/8	3/8	Chord	6/8	1	1	1/16			1/16	1	244						33	
22	22	259/4	0.25		7/16	7/16	Chord	6/8	1	1	1/16			1/16	1	245						33	
22	22	65	0.25		1/2	1/2	Chord	6/8	1	1	1/16			1/16	1	246						33	
22	22	261/4	0.25		9/16	9/16	Chord	6/8	1	1	1/16			1/16	1	247						33	
22	22	131/2	0.25		5/8	5/8	Chord	6/8	1	1	1/16			1/16	1	248						33	
22	22	263/4	0.25		11/16	11/16	Chord	6/8	1	1	1/16			1/16	1	249							
22	22	63	1.0		0	0	Chord	6/8	2	1	1/4			1/4	1	250							
22	22	64	0.5		1/4	1/4	Chord	6/8	2	1	1/8			1/8	1	251							
22	22	129/2	1.0		3/8	3/8	Chord	6/8	2	1	1/4			1/4	1	252							
23	23	66	0.0		0	0	Dynamic	6/8	1	1	0						f						
23	23	66	1.0		0	0	Chord	6/8	1	1	1/4			1/4	1	253							
23	23	67	0.5		1/4	1/4	Chord	6/8	1	1	1/8			1/8	1	254							
23	23	135/2	0.5		3/8	3/8	Chord	6/8	1	1	1/8			1/8	1	255						34	
23	23	68	0.5		1/2	1/2	Chord	6/8	1	1	1/8			1/8	1	256							
23	23	275/4	0.25		11/16	11/16	Chord	6/8	1	1	1/16			1/16	1	257							
23	23	66	0.25		0	0	Chord	6/8	2	1	1/16			1/16	1	258							
23	23	265/4	0.25		1/16	1/16	Chord	6/8	2	1	1/16			1/16	1	259							
23	23	133/2	0.25		1/8	1/8	Chord	6/8	2	1	1/16			1/16	1	260							
23	23	267/4	0.25		3/16	3/16	Chord	6/8	2	1	1/16			1/16	1	261							
23	23	67	0.25		1/4	1/4	Chord	6/8	2	1	1/16			1/16	1	262							
23	23	269/4	0.25		5/16	5/16	Chord	6/8	2	1	1/16			1/16	1	263							
23	23	135/2	0.25		3/8	3/8	Chord	6/8	2	1	1/16			1/16	1	264							
23	23	271/4	0.25		7/16	7/16	Chord	6/8	2	1	1/16			1/16	1	265							
23	23	68	0.25		1/2	1/2	Chord	6/8	2	1	1/16			1/16	1	266							
23	23	273/4	0.25		9/16	9/16	Chord	6/8	2	1	1/16			1/16	1	267							
23	23	137/2	0.25		5/8	5/8	Chord	6/8	2	1	1/16			1/16	1	268							
23	23	275/4	0.25		11/16	11/16	Chord	6/8	2	1	1/16			1/16	1	269							
24	24	69	0.5		0	0	Chord	6/8	1	1	1/8			1/8	1	270							
24	24	139/2	0.5		1/8	1/8	Chord	6/8	1	1	1/8			1/8	1	271							
24	24	70	0.5		1/4	1/4	Chord	6/8	1	1	1/8			1/8	1	272							
24	24	141/2	0.5		3/8	3/8	Chord	6/8	1	1	1/8			1/8	1	273						35	
24	24	71	0.5		1/2	1/2	Chord	6/8	1	1	1/8			1/8	1	274							
24	24	287/4	0.25		11/16	11/16	Chord	6/8	1	1	1/16			1/16	1	275							
24	24	141/2	1.0		3/8	3/8	Chord	6/8	1	2	1/4			1/4	1	276							
24	24	69	0.25		0	0	Chord	6/8	2	1	1/16			1/16	1	277							
24	24	277/4	0.25		1/16	1/16	Chord	6/8	2	1	1/16			1/16	1	278							
24	24	139/2	0.25		1/8	1/8	Chord	6/8	2	1	1/16			1/16	1	279							
24	24	279/4	0.25		3/16	3/16	Chord	6/8	2	1	1/16			1/16	1	280							
24	24	70	0.25		1/4	1/4	Chord	6/8	2	1	1/16			1/16	1	281							
24	24	281/4	0.25		5/16	5/16	Chord	6/8	2	1	1/16			1/16	1	282							
24	24	141/2	0.25		3/8	3/8	Chord	6/8	2	1	1/16			1/16	1	283							
24	24	283/4	0.25		7/16	7/16	Chord	6/8	2	1	1/16			1/16	1	284							
24	24	71	0.25		1/2	1/2	Chord	6/8	2	1	1/16			1/16	1	285							
24	24	285/4	0.25		9/16	9/16	Chord	6/8	2	1	1/16			1/16	1	286							
24	24	143/2	0.25		5/8	5/8	Chord	6/8	2	1	1/16			1/16	1	287							
24	24	287/4	0.25		11/16	11/16	Chord	6/8	2	1	1/16			1/16	1	288							
25	25	72	0.5		0	0	Chord	6/8	1	1	1/8			1/8	1	289							
25	25	145/2	0.5		1/8	1/8	Chord	6/8	1	1	1/8			1/8	1	290							
25	25	73	0.25		1/4	1/4	Chord	6/8	1	1	1/16			1/16	1	291						36	
25	25	293/4	0.125		5/16	5/16	Chord	6/8	1	1	1/32			1/32	1	292						36	
25	25	587/8	0.125		11/32	11/32	Chord	6/8	1	1	1/32			1/32	1	293						36	
25	25	147/2	0.5		3/8	3/8	Chord	6/8	1	1	1/8			1/8	1	294							
25	25	74	0.5		1/2	1/2	Chord	6/8	1	1	1/8			1/8	1	295							
25	25	149/2	0.5		5/8	5/8	Chord	6/8	1	1	1/8			1/8	1	296							
25	25	72	0.25		0	0	Chord	6/8	2	1	1/16			1/16	1	297							
25	25	289/4	0.25		1/16	1/16	Chord	6/8	2	1	1/16			1/16	1	298							
25	25	145/2	0.25		1/8	1/8	Chord	6/8	2	1	1/16			1/16	1	299							
25	25	291/4	0.25		3/16	3/16	Chord	6/8	2	1	1/16			1/16	1	300							
25	25	73	0.25		1/4	1/4	Chord	6/8	2	1	1/16			1/16	1	301							
25	25	293/4	0.25		5/16	5/16	Chord	6/8	2	1	1/16			1/16	1	302							
25	25	147/2	0.25		3/8	3/8	Chord	6/8	2	1	1/16			1/16	1	303							
25	25	295/4	0.25		7/16	7/16	Chord	6/8	2	1	1/16			1/16	1	304							
25	25	74	0.25		1/2	1/2	Chord	6/8	2	1	1/16			1/16	1	305							
25	25	297/4	0.25		9/16	9/16	Chord	6/8	2	1	1/16			1/16	1	306							
25	25	149/2	0.25		5/8	5/8	Chord	6/8	2	1	1/16			1/16	1	307							
25	25	299/4	0.25		11/16	11/16	Chord	6/8	2	1	1/16			1/16	1	308							
26	26	75	0.5		0	0	Chord	6/8	1	1	1/8			1/8	1	309							
26	26	151/2	0.5		1/8	1/8	Chord	6/8	1	1	1/8			1/8	1	310							
26	26	76	0.5		1/4	1/4	Chord	6/8	1	1	1/8			1/8	1	311							
26	26	153/2	0.5		3/8	3/8	Chord	6/8	1	1	1/8			1/8	1	312							
26	26	75	0.25		0	0	Chord	6/8	2	1	1/16			1/16	1	313							
26	26	301/4	0.25		1/16	1/16	Chord	6/8	2	1	1/16			1/16	1	314							
26	26	151/2	0.25		1/8	1/8	Chord	6/8	2	1	1/16			1/16	1	315							
26	26	303/4	0.25		3/16	3/16	Chord	6/8	2	1	1/16			1/16	1	316							
26	26	76	0.25		1/4	1/4	Chord	6/8	2	1	1/16			1/16	1	317							
26	26	305/4	0.25		5/16	5/16	Chord	6/8	2	1	1/16			1/16	1	318							
26	26	153/2	0.5		3/8	3/8	Chord	6/8	2	1	1/8			1/8	1	319							
26	26	77	0.5		1/2	1/2	Chord	6/8	2	1	1/8			1/8	1	320							
27	27	78	0.0		0	0	Dynamic	6/8	1	1	0						p						
27	27	78	0.25		0	0	Chord	6/8	1	1	1/16			1/16	1	321						37	
27	27	313/4	0.25		1/16	1/16	Chord	6/8	1	1	1/16			1/16	1	322							
27	27	315/4	0.25		3/16	3/16	Chord	6/8	1	1	1/16			1/16	1	323							
27	27	79	0.25		1/4	1/4	Chord	6/8	1	1	1/16			1/16	1	324							
27	27	317/4	0.25		5/16	5/16	Chord	6/8	1	1	1/16			1/16	1	325							
27	27	159/2	0.25		3/8	3/8	Chord	6/8	1	1	1/16			1/16	1	326						38	
27	27	319/4	0.25		7/16	7/16	Chord	6/8	1	1	1/16			1/16	1	327							
27	27	321/4	0.25		9/16	9/16	Chord	6/8	1	1	1/16			1/16	1	328						39	
27	27	161/2	0.25		5/8	5/8	Chord	6/8	1	1	1/16			1/16	1	329						39	
27	27	323/4	0.25		11/16	11/16	Chord	6/8	1	1	1/16			1/16	1	330							
27	27	157/2	0.0		1/8	1/8	Dynamic	6/8	2	1	0						p						
27	27	157/2	0.5		1/8	1/8	Chord	6/8	2	1	1/8			1/8	1	331							
27	27	80	0.5		1/2	1/2	Chord	6/8	2	1	1/8			1/8	1	332							
28	28	81	0.25		0	0	Chord	6/8	1	1	1/16			1/16	1	333						40	
28	28	325/4	0.25		1/16	1/16	Chord	6/8	1	1	1/16			1/16	1	334							
28	28	163/2	0.25		1/8	1/8	Chord	6/8	1	1	1/16			1/16	1	335						41	
28	28	327/4	0.25		3/16	3/16	Chord	6/8	1	1	1/16			1/16	1	336							
28	28	82	0.25		1/4	1/4	Chord	6/8	1	1	1/16			1/16	1	337						42	
28	28	329/4	0.25		5/16	5/16	Chord	6/8	1	1	1/16			1/16	1	338							
28	28	165/2	0.25		3/8	3/8	Chord	6/8	1	1	1/16			1/16	1	339						43	
28	28	331/4	0.25		7/16	7/16	Chord	6/8	1	1	1/16			1/16	1	340							
28	28	333/4	0.0		9/16	9/16	Dynamic	6/8	1	1	0						sf						
28	28	333/4	0.25		9/16	9/16	Chord	6/8	1	1	1/16			1/16	1	341						44	
28	28	167/2	0.25		5/8	5/8	Chord	6/8	1	1	1/16			1/16	1	342						44	
28	28	335/4	0.25		11/16	11/16	Chord	6/8	1	1	1/16			1/16	1	343							
28	28	81	0.5		0	0	Chord	6/8	2	1	1/8			1/8	1	344							
28	28	163/2	0.5		1/8	1/8	Chord	6/8	2	1	1/8			1/8	1	345							
28	28	82	0.5		1/4	1/4	Chord	6/8	2	1	1/8			1/8	1	346							
28	28	83	0.5		1/2	1/2	Chord	6/8	2	1	1/8			1/8	1	347							
29	29	84	0.0		0	0	Dynamic	6/8	1	1	0						p						
29	29	84	0.25		0	0	Chord	6/8	1	1	1/16			1/16	1	348						45	
29	29	337/4	0.25		1/16	1/16	Chord	6/8	1	1	1/16			1/16	1	349						45	
29	29	169/2	0.25		1/8	1/8	Chord	6/8	1	1	1/16			1/16	1	350							
29	29	339/4	0.0		3/16	3/16	Dynamic	6/8	1	1	0						sf						
29	29	339/4	0.25		3/16	3/16	Chord	6/8	1	1	1/16			1/16	1	351						46	
29	29	85	0.25		1/4	1/4	Chord	6/8	1	1	1/16			1/16	1	352						46	
29	29	341/4	0.25		5/16	5/16	Chord	6/8	1	1	1/16			1/16	1	353							
29	29	171/2	0.0		3/8	3/8	Dynamic	6/8	1	1	0						p						
29	29	171/2	0.25		3/8	3/8	Chord	6/8	1	1	1/16			1/16	1	354						47	
29	29	343/4	0.25		7/16	7/16	Chord	6/8	1	1	1/16			1/16	1	355						47	
29	29	86	0.25		1/2	1/2	Chord	6/8	1	1	1/16			1/16	1	356							
29	29	345/4	0.0		9/16	9/16	Dynamic	6/8	1	1	0						sf						
29	29	345/4	0.25		9/16	9/16	Chord	6/8	1	1	1/16			1/16	1	357						48	
29	29	173/2	0.25		5/8	5/8	Chord	6/8	1	1	1/16			1/16	1	358						48	
29	29	347/4	0.25		11/16	11/16	Chord	6/8	1	1	1/16			1/16	1	359							
29	29	84	1.5		0	0	Chord	6/8	2	1	3/8			1/4	3/2	360							
29	29	171/2	1.5		3/8	3/8	Chord	6/8	2	1	3/8			1/4	3/2	361							
30	30	87	0.0		0	0	Dynamic	6/8	1	1	0						p						
30	30	87	0.25		0	0	Chord	6/8	1	1	1/16			1/16	1	362						49	
30	30	349/4	0.25		1/16	1/16	Chord	6/8	1	1	1/16			1/16	1	363						49	
30	30	175/2	0.25		1/8	1/8	Chord	6/8	1	1	1/16			1/16	1	364							
30	30	351/4	0.0		3/16	3/16	Dynamic	6/8	1	1	0						sf						
30	30	351/4	0.25		3/16	3/16	Chord	6/8	1	1	1/16			1/16	1	365						50	
30	30	88	0.25		1/4	1/4	Chord	6/8	1	1	1/16			1/16	1	366						50	
30	30	353/4	0.25		5/16	5/16	Chord	6/8	1	1	1/16			1/16	1	367							
30	30	177/2	0.0		3/8	3/8	Dynamic	6/8	1	1	0						p						
30	30	177/2	1.0		3/8	3/8	Chord	6/8	1	1	1/4			1/4	1	368						51	
30	30	179/2	0.5		5/8	5/8	Chord	6/8	1	1	1/8			1/8	1	369							
30	30	87	1.0		0	0	Chord	6/8	2	1	1/4			1/4	1	370							
30	30	88	0.5		1/4	1/4	Chord	6/8	2	1	1/8			1/8	1	371							
30	30	177/2	1.5		3/8	3/8	Chord	6/8	2	1	3/8			1/4	3/2	372							
31	31	90	0.25		0	0	Chord	6/8	1	1	1/16			1/16	1	373						52	
31	31	361/4	0.25		1/16	1/16	Chord	6/8	1	1	1/16			1/16	1	374							
31	31	363/4	0.25		3/16	3/16	Chord	6/8	1	1	1/16			1/16	1	375						53	
31	31	91	0.25		1/4	1/4	Chord	6/8	1	1	1/16			1/16	1	376						53	
31	31	365/4	0.25		5/16	5/16	Chord	6/8	1	1	1/16			1/16	1	377							
31	31	183/2	0.25		3/8	3/8	Chord	6/8	1	1	1/16			1/16	1	378						54	
31	31	367/4	0.25		7/16	7/16	Chord	6/8	1	1	1/16			1/16	1	379							
31	31	369/4	0.25		9/16	9/16	Chord	6/8	1	1	1/16			1/16	1	380						55	
31	31	185/2	0.25		5/8	5/8	Chord	6/8	1	1	1/16			1/16	1	381						55	
31	31	371/4	0.25		11/16	11/16	Chord	6/8	1	1	1/16			1/16	1	382							
31	31	181/2	0.5		1/8	1/8	Chord	6/8	2	1	1/8			1/8	1	383							
31	31	92	0.5		1/2	1/2	Chord	6/8	2	1	1/8			1/8	1	384							
32	32	93	0.25		0	0	Chord	6/8	1	1	1/16			1/16	1	385						56	
32	32	373/4	0.25		1/16	1/16	Chord	6/8	1	1	1/16			1/16	1	386							
32	32	375/4	0.25		3/16	3/16	Chord	6/8	1	1	1/16			1/16	1	387						57	
32	32	94	0.25		1/4	1/4	Chord	6/8	1	1	1/16			1/16	1	388						57	
32	32	377/4	0.25		5/16	5/16	Chord	6/8	1	1	1/16			1/16	1	389							
32	32	189/2	0.25		3/8	3/8	Chord	6/8	1	1	1/16			1/16	1	390						58	
32	32	379/4	0.25		7/16	7/16	Chord	6/8	1	1	1/16			1/16	1	391							
32	32	381/4	0.25		9/16	9/16	Chord	6/8	1	1	1/16			1/16	1	392						59	
32	32	191/2	0.25		5/8	5/8	Chord	6/8	1	1	1/16			1/16	1	393						59	
32	32	383/4	0.25		11/16	11/16	Chord	6/8	1	1	1/16			1/16	1	394							
32	32	187/2	0.5		1/8	1/8	Chord	6/8	2	1	1/8			1/8	1	395							
32	32	95	0.5		1/2	1/2	Chord	6/8	2	1	1/8			1/8	1	396							
33	33	96	0.25		0	0	Chord	6/8	1	1	1/16			1/16	1	397						60	
33	33	385/4	0.25		1/16	1/16	Chord	6/8	1	1	1/16			1/16	1	398							
33	33	387/4	0.25		3/16	3/16	Chord	6/8	1	1	1/16			1/16	1	399						61	
33	33	97	0.25		1/4	1/4	Chord	6/8	1	1	1/16			1/16	1	400						61	
33	33	389/4	0.25		5/16	5/16	Chord	6/8	1	1	1/16			1/16	1	401							
33	33	195/2	0.25		3/8	3/8	Chord	6/8	1	1	1/16			1/16	1	402						62	
33	33	391/4	0.25		7/16	7/16	Chord	6/8	1	1	1/16			1/16	1	403							
33	33	393/4	0.25		9/16	9/16	Chord	6/8	1	1	1/16			1/16	1	404						63	
33	33	197/2	0.25		5/8	5/8	Chord	6/8	1	1	1/16			1/16	1	405						63	
33	33	395/4	0.25		11/16	11/16	Chord	6/8	1	1	1/16			1/16	1	406							
33	33	193/2	0.5		1/8	1/8	Chord	6/8	2	1	1/8			1/8	1	407							
33	33	97	0.5		1/4	1/4	Chord	6/8	2	1	1/8			1/8	1	408							
33	33	98	0.5		1/2	1/2	Chord	6/8	2	1	1/8			1/8	1	409							
33	33	197/2	0.5		5/8	5/8	Chord	6/8	2	1	1/8			1/8	1	410							
34	34	99	0.25		0	0	Chord	6/8	1	1	1/16			1/16	1	411						64	
34	34	397/4	0.25		1/16	1/16	Chord	6/8	1	1	1/16			1/16	1	412							
34	34	399/4	0.25		3/16	3/16	Chord	6/8	1	1	1/16			1/16	1	413						65	
34	34	100	0.25		1/4	1/4	Chord	6/8	1	1	1/16			1/16	1	414						65	
34	34	401/4	0.25		5/16	5/16	Chord	6/8	1	1	1/16			1/16	1	415							
34	34	201/2	0.75		3/8	3/8	Chord	6/8	1	1	3/16			1/8	3/2	416						66	
34	34	405/4	0.25		9/16	9/16	Chord	6/8	1	1	1/16			1/16	1	417						66	
34	34	203/2	0.5		5/8	5/8	Chord	6/8	1	1	1/8			1/8	1	418							
34	34	201/2	1.0		3/8	3/8	Chord	6/8	1	2	1/4			1/4	1	419						67	
34	34	203/2	0.5		5/8	5/8	Chord	6/8	1	2	1/8			1/8	1	420							
34	34	199/2	0.5		1/8	1/8	Chord	6/8	2	1	1/8			1/8	1	421							
34	34	100	0.5		1/4	1/4	Chord	6/8	2	1	1/8			1/8	1	422							
34	34	201/2	0.5		3/8	3/8	Chord	6/8	2	1	1/8			1/8	1	423							
34	34	101	0.5		1/2	1/2	Chord	6/8	2	1	1/8			1/8	1	424							
34	34	203/2	0.5		5/8	5/8	Chord	6/8	2	1	1/8			1/8	1	425							
35	35	102	0.0		0	0	Dynamic	6/8	1	1	0						f						
35	35	102	0.5		0	0	Chord	6/8	1	1	1/8			1/8	1	426							
35	35	205/2	0.5		1/8	1/8	Chord	6/8	1	1	1/8			1/8	1	427							
35	35	103	0.5		1/4	1/4	Chord	6/8	1	1	1/8			1/8	1	428							
35	35	207/2	0.5		3/8	3/8	Chord	6/8	1	1	1/8			1/8	1	429							
35	35	104	0.5		1/2	1/2	Chord	6/8	1	1	1/8			1/8	1	430							
35	35	209/2	0.25		5/8	5/8	Chord	6/8	1	1	1/16			1/16	1	431						68	
35	35	419/4	0.125		11/16	11/16	Chord	6/8	1	1	1/32			1/32	1	432						68	
35	35	839/8	0.125		23/32	23/32	Chord	6/8	1	1	1/32			1/32	1	433							
35	35	102	0.25		0	0	Chord	6/8	2	1	1/16			1/16	1	434							
35	35	409/4	0.25		1/16	1/16	Chord	6/8	2	1	1/16			1/16	1	435							
35	35	205/2	0.25		1/8	1/8	Chord	6/8	2	1	1/16			1/16	1	436							
35	35	411/4	0.25		3/16	3/16	Chord	6/8	2	1	1/16			1/16	1	437							
35	35	103	0.25		1/4	1/4	Chord	6/8	2	1	1/16			1/16	1	438							
35	35	413/4	0.25		5/16	5/16	Chord	6/8	2	1	1/16			1/16	1	439							
35	35	207/2	0.25		3/8	3/8	Chord	6/8	2	1	1/16			1/16	1	440							
35	35	415/4	0.25		7/16	7/16	Chord	6/8	2	1	1/16			1/16	1	441							
35	35	104	0.25		1/2	1/2	Chord	6/8	2	1	1/16			1/16	1	442							
35	35	417/4	0.25		9/16	9/16	Chord	6/8	2	1	1/16			1/16	1	443							
35	35	209/2	0.25		5/8	5/8	Chord	6/8	2	1	1/16			1/16	1	444							
35	35	419/4	0.25		11/16	11/16	Chord	6/8	2	1	1/16			1/16	1	445							
36	36	105	0.5		0	0	Chord	6/8	1	1	1/8			1/8	1	446							
36	36	211/2	0.5		1/8	1/8	Chord	6/8	1	1	1/8			1/8	1	447							
36	36	106	0.5		1/4	1/4	Chord	6/8	1	1	1/8			1/8	1	448							
36	36	213/2	0.5		3/8	3/8	Chord	6/8	1	1	1/8			1/8	1	449							
36	36	105	0.25		0	0	Chord	6/8	2	1	1/16			1/16	1	450							
36	36	421/4	0.25		1/16	1/16	Chord	6/8	2	1	1/16			1/16	1	451							
36	36	211/2	0.25		1/8	1/8	Chord	6/8	2	1	1/16			1/16	1	452							
36	36	423/4	0.25		3/16	3/16	Chord	6/8	2	1	1/16			1/16	1	453							
36	36	106	0.25		1/4	1/4	Chord	6/8	2	1	1/16			1/16	1	454							
36	36	425/4	0.25		5/16	5/16	Chord	6/8	2	1	1/16			1/16	1	455							
36	36	213/2	0.5		3/8	3/8	Chord	6/8	2	1	1/8			1/8	1	456							
36	36	107	0.5		1/2	1/2	Chord	6/8	2	1	1/8			1/8	1	457							
37	37	108	0.0		0	0	Dynamic	6/8	1	1	0						p						
37	37	108	0.5		0	0	Chord	6/8	1	1	1/8			1/8	1	458							
37	37	217/2	0.5		1/8	1/8	Chord	6/8	1	1	1/8			1/8	1	459							
37	37	109	0.25		1/4	1/4	Chord	6/8	1	1	1/16			1/16	1	460						69	
37	37	437/4	0.125		5/16	5/16	Chord	6/8	1	1	1/32			1/32	1	461						69	
37	37	875/8	0.125		11/32	11/32	Chord	6/8	1	1	1/32			1/32	1	462							
37	37	219/2	0.5		3/8	3/8	Chord	6/8	1	1	1/8			1/8	1	463							
37	37	221/2	0.125		5/8	5/8	Chord	6/8	1	1	1/32			1/32	1	464						70	
37	37	885/8	0.125		21/32	21/32	Chord	6/8	1	1	1/32			1/32	1	465						70	
37	37	443/4	0.125		11/16	11/16	Chord	6/8	1	1	1/32			1/32	1	466						70	
37	37	887/8	0.125		23/32	23/32	Chord	6/8	1	1	1/32			1/32	1	467						70	
37	37	108	0.16666666666666666		0	0	Chord	6/8	2	1	1/24			1/16	2/3	468						71	
37	37	649/6	0.16666666666666666		1/24	1/24	Chord	6/8	2	1	1/24			1/16	2/3	469						71	
37	37	325/3	0.16666666666666666		1/12	1/12	Chord	6/8	2	1	1/24			1/16	2/3	470						71	
37	37	217/2	0.16666666666666666		1/8	1/8	Chord	6/8	2	1	1/24			1/16	2/3	471						71	
37	37	326/3	0.16666666666666666		1/6	1/6	Chord	6/8	2	1	1/24			1/16	2/3	472						71	
37	37	653/6	0.16666666666666666		5/24	5/24	Chord	6/8	2	1	1/24			1/16	2/3	473						71	
37	37	109	0.16666666666666666		1/4	1/4	Chord	6/8	2	1	1/24			1/16	2/3	474						71	
37	37	655/6	0.16666666666666666		7/24	7/24	Chord	6/8	2	1	1/24			1/16	2/3	475						71	
37	37	328/3	0.16666666666666666		1/3	1/3	Chord	6/8	2	1	1/24			1/16	2/3	476						71	
37	37	219/2	0.16666666666666666		3/8	3/8	Chord	6/8	2	1	1/24			1/16	2/3	477						71	
37	37	329/3	0.16666666666666666		5/12	5/12	Chord	6/8	2	1	1/24			1/16	2/3	478						71	
37	37	659/6	0.16666666666666666		11/24	11/24	Chord	6/8	2	1	1/24			1/16	2/3	479						71	
37	37	110	0.16666666666666666		1/2	1/2	Chord	6/8	2	1	1/24			1/16	2/3	480						71	
37	37	661/6	0.16666666666666666		13/24	13/24	Chord	6/8	2	1	1/24			1/16	2/3	481						71	
37	37	331/3	0.16666666666666666		7/12	7/12	Chord	6/8	2	1	1/24			1/16	2/3	482						71	
37	37	221/2	0.16666666666666666		5/8	5/8	Chord	6/8	2	1	1/24			1/16	2/3	483						71	
37	37	332/3	0.16666666666666666		2/3	2/3	Chord	6/8	2	1	1/24			1/16	2/3	484						71	
37	37	665/6	0.16666666666666666		17/24	17/24	Chord	6/8	2	1	1/24			1/16	2/3	485							
38	38	111	0.5		0	0	Chord	6/8	1	1	1/8			1/8	1	486							
38	38	223/2	0.5		1/8	1/8	Chord	6/8	1	1	1/8			1/8	1	487							
38	38	112	0.25		1/4	1/4	Chord	6/8	1	1	1/16			1/16	1	488						72	
38	38	449/4	0.125		5/16	5/16	Chord	6/8	1	1	1/32			1/32	1	489						72	
38	38	899/8	0.125		11/32	11/32	Chord	6/8	1	1	1/32			1/32	1	490						72	
38	38	225/2	0.5		3/8	3/8	Chord	6/8	1	1	1/8			1/8	1	491							
38	38	227/2	0.125		5/8	5/8	Chord	6/8	1	1	1/32			1/32	1	492						73	
38	38	909/8	0.125		21/32	21/32	Chord	6/8	1	1	1/32			1/32	1	493						73	
38	38	455/4	0.125		11/16	11/16	Chord	6/8	1	1	1/32			1/32	1	494						73	
38	38	911/8	0.125		23/32	23/32	Chord	6/8	1	1	1/32			1/32	1	495						73	
38	38	111	0.16666666666666666		0	0	Chord	6/8	2	1	1/24			1/16	2/3	496						74	
38	38	667/6	0.16666666666666666		1/24	1/24	Chord	6/8	2	1	1/24			1/16	2/3	497						74	
38	38	334/3	0.16666666666666666		1/12	1/12	Chord	6/8	2	1	1/24			1/16	2/3	498						74	
38	38	223/2	0.16666666666666666		1/8	1/8	Chord	6/8	2	1	1/24			1/16	2/3	499						74	
38	38	335/3	0.16666666666666666		1/6	1/6	Chord	6/8	2	1	1/24			1/16	2/3	500						74	
38	38	671/6	0.16666666666666666		5/24	5/24	Chord	6/8	2	1	1/24			1/16	2/3	501						74	
38	38	112	0.16666666666666666		1/4	1/4	Chord	6/8	2	1	1/24			1/16	2/3	502						74	
38	38	673/6	0.16666666666666666		7/24	7/24	Chord	6/8	2	1	1/24			1/16	2/3	503						74	
38	38	337/3	0.16666666666666666		1/3	1/3	Chord	6/8	2	1	1/24			1/16	2/3	504						74	
38	38	225/2	0.16666666666666666		3/8	3/8	Chord	6/8	2	1	1/24			1/16	2/3	505						74	
38	38	338/3	0.16666666666666666		5/12	5/12	Chord	6/8	2	1	1/24			1/16	2/3	506						74	
38	38	677/6	0.16666666666666666		11/24	11/24	Chord	6/8	2	1	1/24			1/16	2/3	507						74	
38	38	113	0.16666666666666666		1/2	1/2	Chord	6/8	2	1	1/24			1/16	2/3	508						74	
38	38	679/6	0.16666666666666666		13/24	13/24	Chord	6/8	2	1	1/24			1/16	2/3	509						74	
38	38	340/3	0.16666666666666666		7/12	7/12	Chord	6/8	2	1	1/24			1/16	2/3	510						74	
38	38	227/2	0.16666666666666666		5/8	5/8	Chord	6/8	2	1	1/24			1/16	2/3	511						74	
38	38	341/3	0.16666666666666666		2/3	2/3	Chord	6/8	2	1	1/24			1/16	2/3	512						74	
38	38	683/6	0.16666666666666666		17/24	17/24	Chord	6/8	2	1	1/24			1/16	2/3	513							
39	39	114	0.5		0	0	Chord	6/8	1	1	1/8			1/8	1	514							
39	39	229/2	0.5		1/8	1/8	Chord	6/8	1	1	1/8			1/8	1	515							
39	39	115	0.25		1/4	1/4	Chord	6/8	1	1	1/16			1/16	1	516						75	
39	39	461/4	0.125		5/16	5/16	Chord	6/8	1	1	1/32			1/32	1	517						75	
39	39	923/8	0.125		11/32	11/32	Chord	6/8	1	1	1/32			1/32	1	518						75	
39	39	231/2	0.5		3/8	3/8	Chord	6/8	1	1	1/8			1/8	1	519							
39	39	116	0.5		1/2	1/2	Chord	6/8	1	1	1/8			1/8	1	520							
39	39	233/2	0.25		5/8	5/8	Chord	6/8	1	1	1/16			1/16	1	521						76	
39	39	467/4	0.125		11/16	11/16	Chord	6/8	1	1	1/32			1/32	1	522						76	
39	39	935/8	0.125		23/32	23/32	Chord	6/8	1	1	1/32			1/32	1	523						76	
39	39	114	0.16666666666666666		0	0	Chord	6/8	2	1	1/24			1/16	2/3	524						77	
39	39	685/6	0.16666666666666666		1/24	1/24	Chord	6/8	2	1	1/24			1/16	2/3	525						77	
39	39	343/3	0.16666666666666666		1/12	1/12	Chord	6/8	2	1	1/24			1/16	2/3	526						77	
39	39	229/2	0.16666666666666666		1/8	1/8	Chord	6/8	2	1	1/24			1/16	2/3	527						77	
39	39	344/3	0.16666666666666666		1/6	1/6	Chord	6/8	2	1	1/24			1/16	2/3	528						77	
39	39	689/6	0.16666666666666666		5/24	5/24	Chord	6/8	2	1	1/24			1/16	2/3	529						77	
39	39	115	0.16666666666666666		1/4	1/4	Chord	6/8	2	1	1/24			1/16	2/3	530						77	
39	39	691/6	0.16666666666666666		7/24	7/24	Chord	6/8	2	1	1/24			1/16	2/3	531						77	
39	39	346/3	0.16666666666666666		1/3	1/3	Chord	6/8	2	1	1/24			1/16	2/3	532						77	
39	39	231/2	0.16666666666666666		3/8	3/8	Chord	6/8	2	1	1/24			1/16	2/3	533						77	
39	39	347/3	0.16666666666666666		5/12	5/12	Chord	6/8	2	1	1/24			1/16	2/3	534						77	
39	39	695/6	0.16666666666666666		11/24	11/24	Chord	6/8	2	1	1/24			1/16	2/3	535						77	
39	39	116	0.16666666666666666		1/2	1/2	Chord	6/8	2	1	1/24			1/16	2/3	536						77	
39	39	697/6	0.16666666666666666		13/24	13/24	Chord	6/8	2	1	1/24			1/16	2/3	537						77	
39	39	349/3	0.16666666666666666		7/12	7/12	Chord	6/8	2	1	1/24			1/16	2/3	538						77	
39	39	233/2	0.16666666666666666		5/8	5/8	Chord	6/8	2	1	1/24			1/16	2/3	539						77	
39	39	350/3	0.16666666666666666		2/3	2/3	Chord	6/8	2	1	1/24			1/16	2/3	540						77	
39	39	701/6	0.16666666666666666		17/24	17/24	Chord	6/8	2	1	1/24			1/16	2/3	541							
40	40	117	0.5		0	0	Chord	6/8	1	1	1/8			1/8	1	542							
40	40	235/2	0.5		1/8	1/8	Chord	6/8	1	1	1/8			1/8	1	543							
40	40	118	0.125		1/4	1/4	Chord	6/8	1	1	1/32			1/32	1	544						78	
40	40	945/8	0.375		9/32	9/32	Chord	6/8	1	1	3/32			1/16	3/2	545							
40	40	237/2	1.0		3/8	3/8	Chord	6/8	1	1	1/4			1/4	1	546						79	
40	40	239/2	0.5		5/8	5/8	Chord	6/8	1	1	1/8			1/8	1	547							
40	40	118	0.5		1/4	1/4	Chord	6/8	1	2	1/8			1/8	1	548							
40	40	117	0.16666666666666666		0	0	Chord	6/8	2	1	1/24			1/16	2/3	549						80	
40	40	703/6	0.16666666666666666		1/24	1/24	Chord	6/8	2	1	1/24			1/16	2/3	550						80	
40	40	352/3	0.16666666666666666		1/12	1/12	Chord	6/8	2	1	1/24			1/16	2/3	551						80	
40	40	235/2	0.16666666666666666		1/8	1/8	Chord	6/8	2	1	1/24			1/16	2/3	552						80	
40	40	353/3	0.16666666666666666		1/6	1/6	Chord	6/8	2	1	1/24			1/16	2/3	553						80	
40	40	707/6	0.16666666666666666		5/24	5/24	Chord	6/8	2	1	1/24			1/16	2/3	554						80	
40	40	118	0.16666666666666666		1/4	1/4	Chord	6/8	2	1	1/24			1/16	2/3	555						80	
40	40	709/6	0.16666666666666666		7/24	7/24	Chord	6/8	2	1	1/24			1/16	2/3	556						80	
40	40	355/3	0.16666666666666666		1/3	1/3	Chord	6/8	2	1	1/24			1/16	2/3	557						80	
40	40	237/2	0.16666666666666666		3/8	3/8	Chord	6/8	2	1	1/24			1/16	2/3	558						80	
40	40	356/3	0.16666666666666666		5/12	5/12	Chord	6/8	2	1	1/24			1/16	2/3	559						80	
40	40	713/6	0.16666666666666666		11/24	11/24	Chord	6/8	2	1	1/24			1/16	2/3	560						80	
40	40	119	0.16666666666666666		1/2	1/2	Chord	6/8	2	1	1/24			1/16	2/3	561						80	
40	40	715/6	0.16666666666666666		13/24	13/24	Chord	6/8	2	1	1/24			1/16	2/3	562						80	
40	40	358/3	0.16666666666666666		7/12	7/12	Chord	6/8	2	1	1/24			1/16	2/3	563						80	
40	40	239/2	0.16666666666666666		5/8	5/8	Chord	6/8	2	1	1/24			1/16	2/3	564						80	
40	40	359/3	0.16666666666666666		2/3	2/3	Chord	6/8	2	1	1/24			1/16	2/3	565						80	
40	40	719/6	0.16666666666666666		17/24	17/24	Chord	6/8	2	1	1/24			1/16	2/3	566							
41	41	120	0.0		0	0	Dynamic	6/8	1	1	0						f						
41	41	120	0.16666666666666666		0	0	Chord	6/8	1	1	1/24			1/16	2/3	567						81	
41	41	721/6	0.16666666666666666		1/24	1/24	Chord	6/8	1	1	1/24			1/16	2/3	568						81	
41	41	361/3	0.16666666666666666		1/12	1/12	Chord	6/8	1	1	1/24			1/16	2/3	569						81	
41	41	241/2	0.16666666666666666		1/8	1/8	Chord	6/8	1	1	1/24			1/16	2/3	570						81	
41	41	362/3	0.16666666666666666		1/6	1/6	Chord	6/8	1	1	1/24			1/16	2/3	571						81	
41	41	725/6	0.16666666666666666		5/24	5/24	Chord	6/8	1	1	1/24			1/16	2/3	572						81	
41	41	121	0.16666666666666666		1/4	1/4	Chord	6/8	1	1	1/24			1/16	2/3	573						81	
41	41	727/6	0.16666666666666666		7/24	7/24	Chord	6/8	1	1	1/24			1/16	2/3	574						81	
41	41	364/3	0.16666666666666666		1/3	1/3	Chord	6/8	1	1	1/24			1/16	2/3	575						81	
41	41	243/2	0.16666666666666666		3/8	3/8	Chord	6/8	1	1	1/24			1/16	2/3	576						81	
41	41	365/3	0.16666666666666666		5/12	5/12	Chord	6/8	1	1	1/24			1/16	2/3	577						81	
41	41	731/6	0.16666666666666666		11/24	11/24	Chord	6/8	1	1	1/24			1/16	2/3	578						81	
41	41	122	0.16666666666666666		1/2	1/2	Chord	6/8	1	1	1/24			1/16	2/3	579						81	
41	41	733/6	0.16666666666666666		13/24	13/24	Chord	6/8	1	1	1/24			1/16	2/3	580						81	
41	41	367/3	0.16666666666666666		7/12	7/12	Chord	6/8	1	1	1/24			1/16	2/3	581							
41	41	245/2	0.125		5/8	5/8	Chord	6/8	1	1	1/32			1/32	1	582						82	
41	41	981/8	0.125		21/32	21/32	Chord	6/8	1	1	1/32			1/32	1	583						82	
41	41	491/4	0.125		11/16	11/16	Chord	6/8	1	1	1/32			1/32	1	584						82	
41	41	983/8	0.125		23/32	23/32	Chord	6/8	1	1	1/32			1/32	1	585							
41	41	120	0.5		0	0	Chord	6/8	2	1	1/8			1/8	1	586							
41	41	241/2	0.0		1/8	1/8	Chord	6/8	2	1	0	grace16		1/16	1	587							
41	41	241/2	0.5		1/8	1/8	Chord	6/8	2	1	1/8			1/8	1	588							
41	41	243/2	0.5		3/8	3/8	Chord	6/8	2	1	1/8			1/8	1	589							
41	41	122	0.0		1/2	1/2	Chord	6/8	2	1	0	grace16		1/16	1	590							
41	41	122	0.5		1/2	1/2	Chord	6/8	2	1	1/8			1/8	1	591							
42	42	123	0.16666666666666666		0	0	Chord	6/8	1	1	1/24			1/16	2/3	592						83	
42	42	739/6	0.16666666666666666		1/24	1/24	Chord	6/8	1	1	1/24			1/16	2/3	593						83	
42	42	370/3	0.16666666666666666		1/12	1/12	Chord	6/8	1	1	1/24			1/16	2/3	594						83	
42	42	247/2	0.16666666666666666		1/8	1/8	Chord	6/8	1	1	1/24			1/16	2/3	595						83	
42	42	371/3	0.16666666666666666		1/6	1/6	Chord	6/8	1	1	1/24			1/16	2/3	596						83	
42	42	743/6	0.16666666666666666		5/24	5/24	Chord	6/8	1	1	1/24			1/16	2/3	597						83	
42	42	124	0.16666666666666666		1/4	1/4	Chord	6/8	1	1	1/24			1/16	2/3	598						83	
42	42	745/6	0.16666666666666666		7/24	7/24	Chord	6/8	1	1	1/24			1/16	2/3	599						83	
42	42	373/3	0.16666666666666666		1/3	1/3	Chord	6/8	1	1	1/24			1/16	2/3	600						83	
42	42	249/2	0.16666666666666666		3/8	3/8	Chord	6/8	1	1	1/24			1/16	2/3	601						83	
42	42	374/3	0.16666666666666666		5/12	5/12	Chord	6/8	1	1	1/24			1/16	2/3	602						83	
42	42	749/6	0.16666666666666666		11/24	11/24	Chord	6/8	1	1	1/24			1/16	2/3	603						83	
42	42	125	0.16666666666666666		1/2	1/2	Chord	6/8	1	1	1/24			1/16	2/3	604						83	
42	42	751/6	0.16666666666666666		13/24	13/24	Chord	6/8	1	1	1/24			1/16	2/3	605						83	
42	42	376/3	0.16666666666666666		7/12	7/12	Chord	6/8	1	1	1/24			1/16	2/3	606							
42	42	251/2	0.125		5/8	5/8	Chord	6/8	1	1	1/32			1/32	1	607						84	
42	42	1005/8	0.125		21/32	21/32	Chord	6/8	1	1	1/32			1/32	1	608						84	
42	42	503/4	0.125		11/16	11/16	Chord	6/8	1	1	1/32			1/32	1	609						84	
42	42	1007/8	0.125		23/32	23/32	Chord	6/8	1	1	1/32			1/32	1	610							
42	42	123	0.5		0	0	Chord	6/8	2	1	1/8			1/8	1	611							
42	42	247/2	0.0		1/8	1/8	Chord	6/8	2	1	0	grace16		1/16	1	612							
42	42	247/2	0.5		1/8	1/8	Chord	6/8	2	1	1/8			1/8	1	613							
42	42	249/2	0.5		3/8	3/8	Chord	6/8	2	1	1/8			1/8	1	614							
42	42	125	0.0		1/2	1/2	Chord	6/8	2	1	0	grace16		1/16	1	615							
42	42	125	0.5		1/2	1/2	Chord	6/8	2	1	1/8			1/8	1	616							
43	43	126	0.16666666666666666		0	0	Chord	6/8	1	1	1/24			1/16	2/3	617						85	
43	43	757/6	0.16666666666666666		1/24	1/24	Chord	6/8	1	1	1/24			1/16	2/3	618						85	
43	43	379/3	0.16666666666666666		1/12	1/12	Chord	6/8	1	1	1/24			1/16	2/3	619						85	
43	43	253/2	0.16666666666666666		1/8	1/8	Chord	6/8	1	1	1/24			1/16	2/3	620						85	
43	43	380/3	0.16666666666666666		1/6	1/6	Chord	6/8	1	1	1/24			1/16	2/3	621						85	
43	43	761/6	0.16666666666666666		5/24	5/24	Chord	6/8	1	1	1/24			1/16	2/3	622						85	
43	43	127	0.16666666666666666		1/4	1/4	Chord	6/8	1	1	1/24			1/16	2/3	623						85	
43	43	763/6	0.16666666666666666		7/24	7/24	Chord	6/8	1	1	1/24			1/16	2/3	624						85	
43	43	382/3	0.16666666666666666		1/3	1/3	Chord	6/8	1	1	1/24			1/16	2/3	625							
43	43	255/2	0.0		3/8	3/8	StaffText	6/8	1	1	0								simile				
43	43	255/2	0.16666666666666666		3/8	3/8	Chord	6/8	1	1	1/24			1/16	2/3	626							
43	43	383/3	0.16666666666666666		5/12	5/12	Chord	6/8	1	1	1/24			1/16	2/3	627							
43	43	767/6	0.16666666666666666		11/24	11/24	Chord	6/8	1	1	1/24			1/16	2/3	628							
43	43	128	0.16666666666666666		1/2	1/2	Chord	6/8	1	1	1/24			1/16	2/3	629							
43	43	769/6	0.16666666666666666		13/24	13/24	Chord	6/8	1	1	1/24			1/16	2/3	630							
43	43	385/3	0.16666666666666666		7/12	7/12	Chord	6/8	1	1	1/24			1/16	2/3	631							
43	43	257/2	0.16666666666666666		5/8	5/8	Chord	6/8	1	1	1/24			1/16	2/3	632							
43	43	386/3	0.16666666666666666		2/3	2/3	Chord	6/8	1	1	1/24			1/16	2/3	633							
43	43	773/6	0.16666666666666666		17/24	17/24	Chord	6/8	1	1	1/24			1/16	2/3	634							
43	43	126	0.5		0	0	Chord	6/8	2	1	1/8			1/8	1	635							
43	43	253/2	0.0		1/8	1/8	Chord	6/8	2	1	0	grace16		1/16	1	636							
43	43	253/2	0.5		1/8	1/8	Chord	6/8	2	1	1/8			1/8	1	637							
43	43	127	0.0		1/4	1/4	Chord	6/8	2	1	0	grace16		1/16	1	638							
43	43	127	0.5		1/4	1/4	Chord	6/8	2	1	1/8			1/8	1	639							
43	43	255/2	0.5		3/8	3/8	Chord	6/8	2	1	1/8			1/8	1	640							
43	43	128	0.0		1/2	1/2	Chord	6/8	2	1	0	grace16		1/16	1	641							
43	43	128	0.5		1/2	1/2	Chord	6/8	2	1	1/8			1/8	1	642							
43	43	257/2	0.0		5/8	5/8	Chord	6/8	2	1	0	grace16		1/16	1	643							
43	43	257/2	0.5		5/8	5/8	Chord	6/8	2	1	1/8			1/8	1	644							
44	44	129	0.16666666666666666		0	0	Chord	6/8	1	1	1/24			1/16	2/3	645							
44	44	775/6	0.16666666666666666		1/24	1/24	Chord	6/8	1	1	1/24			1/16	2/3	646							
44	44	388/3	0.16666666666666666		1/12	1/12	Chord	6/8	1	1	1/24			1/16	2/3	647							
44	44	259/2	0.16666666666666666		1/8	1/8	Chord	6/8	1	1	1/24			1/16	2/3	648							
44	44	389/3	0.16666666666666666		1/6	1/6	Chord	6/8	1	1	1/24			1/16	2/3	649							
44	44	779/6	0.16666666666666666		5/24	5/24	Chord	6/8	1	1	1/24			1/16	2/3	650							
44	44	130	0.16666666666666666		1/4	1/4	Chord	6/8	1	1	1/24			1/16	2/3	651							
44	44	781/6	0.16666666666666666		7/24	7/24	Chord	6/8	1	1	1/24			1/16	2/3	652							
44	44	391/3	0.16666666666666666		1/3	1/3	Chord	6/8	1	1	1/24			1/16	2/3	653							
44	44	261/2	0.16666666666666666		3/8	3/8	Chord	6/8	1	1	1/24			1/16	2/3	654							
44	44	392/3	0.16666666666666666		5/12	5/12	Chord	6/8	1	1	1/24			1/16	2/3	655							
44	44	785/6	0.16666666666666666		11/24	11/24	Chord	6/8	1	1	1/24			1/16	2/3	656							
44	44	131	0.5		1/2	1/2	Chord	6/8	1	1	1/8			1/8	1	657							
44	44	129	0.5		0	0	Chord	6/8	2	1	1/8			1/8	1	658							
44	44	259/2	0.0		1/8	1/8	Chord	6/8	2	1	0	grace16		1/16	1	659							
44	44	259/2	0.5		1/8	1/8	Chord	6/8	2	1	1/8			1/8	1	660							
44	44	130	0.0		1/4	1/4	Chord	6/8	2	1	0	grace16		1/16	1	661							
44	44	130	0.5		1/4	1/4	Chord	6/8	2	1	1/8			1/8	1	662							
44	44	261/2	0.5		3/8	3/8	Chord	6/8	2	1	1/8			1/8	1	663							
44	44	131	0.0		1/2	1/2	Chord	6/8	2	1	0	grace16		1/16	1	664							
44	44	131	0.5		1/2	1/2	Chord	6/8	2	1	1/8			1/8	1	665							
45	45	132	0.0		0	0	Dynamic	6/8	1	1	0						p						
45	45	132	0.5		0	0	Chord	6/8	1	1	1/8			1/8	1	666		articStaccatoAbove					
45	45	265/2	0.5		1/8	1/8	Chord	6/8	1	1	1/8			1/8	1	667		articStaccatoAbove					
45	45	133	0.5		1/4	1/4	Chord	6/8	1	1	1/8			1/8	1	668		articStaccatoAbove					
45	45	267/2	0.5		3/8	3/8	Chord	6/8	1	1	1/8			1/8	1	669		articStaccatoAbove					
45	45	269/2	0.125		5/8	5/8	Chord	6/8	1	1	1/32			1/32	1	670						86	
45	45	1077/8	0.125		21/32	21/32	Chord	6/8	1	1	1/32			1/32	1	671						86	
45	45	539/4	0.125		11/16	11/16	Chord	6/8	1	1	1/32			1/32	1	672						86	
45	45	1079/8	0.125		23/32	23/32	Chord	6/8	1	1	1/32			1/32	1	673						86	
45	45	132	0.16666666666666666		0	0	Chord	6/8	2	1	1/24			1/16	2/3	674						87	
45	45	793/6	0.16666666666666666		1/24	1/24	Chord	6/8	2	1	1/24			1/16	2/3	675						87	
45	45	397/3	0.16666666666666666		1/12	1/12	Chord	6/8	2	1	1/24			1/16	2/3	676						87	
45	45	265/2	0.16666666666666666		1/8	1/8	Chord	6/8	2	1	1/24			1/16	2/3	677						87	
45	45	398/3	0.16666666666666666		1/6	1/6	Chord	6/8	2	1	1/24			1/16	2/3	678						87	
45	45	797/6	0.16666666666666666		5/24	5/24	Chord	6/8	2	1	1/24			1/16	2/3	679						87	
45	45	133	0.16666666666666666		1/4	1/4	Chord	6/8	2	1	1/24			1/16	2/3	680						87	
45	45	799/6	0.16666666666666666		7/24	7/24	Chord	6/8	2	1	1/24			1/16	2/3	681						87	
45	45	400/3	0.16666666666666666		1/3	1/3	Chord	6/8	2	1	1/24			1/16	2/3	682						87	
45	45	267/2	0.16666666666666666		3/8	3/8	Chord	6/8	2	1	1/24			1/16	2/3	683						87	
45	45	401/3	0.16666666666666666		5/12	5/12	Chord	6/8	2	1	1/24			1/16	2/3	684						87	
45	45	803/6	0.16666666666666666		11/24	11/24	Chord	6/8	2	1	1/24			1/16	2/3	685						87	
45	45	134	0.16666666666666666		1/2	1/2	Chord	6/8	2	1	1/24			1/16	2/3	686						87	
45	45	805/6	0.16666666666666666		13/24	13/24	Chord	6/8	2	1	1/24			1/16	2/3	687						87	
45	45	403/3	0.16666666666666666		7/12	7/12	Chord	6/8	2	1	1/24			1/16	2/3	688						87	
45	45	269/2	0.16666666666666666		5/8	5/8	Chord	6/8	2	1	1/24			1/16	2/3	689						87	
45	45	404/3	0.16666666666666666		2/3	2/3	Chord	6/8	2	1	1/24			1/16	2/3	690						87	
45	45	809/6	0.16666666666666666		17/24	17/24	Chord	6/8	2	1	1/24			1/16	2/3	691							
46	46	135	0.5		0	0	Chord	6/8	1	1	1/8			1/8	1	692							
46	46	271/2	0.5		1/8	1/8	Chord	6/8	1	1	1/8			1/8	1	693							
46	46	136	0.5		1/4	1/4	Chord	6/8	1	1	1/8			1/8	1	694							
46	46	273/2	0.5		3/8	3/8	Chord	6/8	1	1	1/8			1/8	1	695							
46	46	275/2	0.125		5/8	5/8	Chord	6/8	1	1	1/32			1/32	1	696						88	
46	46	1101/8	0.125		21/32	21/32	Chord	6/8	1	1	1/32			1/32	1	697						88	
46	46	551/4	0.125		11/16	11/16	Chord	6/8	1	1	1/32			1/32	1	698						88	
46	46	1103/8	0.125		23/32	23/32	Chord	6/8	1	1	1/32			1/32	1	699						88	
46	46	135	0.0		0	0	StaffText	6/8	2	1	0								simile				
46	46	135	0.16666666666666666		0	0	Chord	6/8	2	1	1/24			1/16	2/3	700							
46	46	811/6	0.16666666666666666		1/24	1/24	Chord	6/8	2	1	1/24			1/16	2/3	701							
46	46	406/3	0.16666666666666666		1/12	1/12	Chord	6/8	2	1	1/24			1/16	2/3	702							
46	46	271/2	0.16666666666666666		1/8	1/8	Chord	6/8	2	1	1/24			1/16	2/3	703							
46	46	407/3	0.16666666666666666		1/6	1/6	Chord	6/8	2	1	1/24			1/16	2/3	704							
46	46	815/6	0.16666666666666666		5/24	5/24	Chord	6/8	2	1	1/24			1/16	2/3	705							
46	46	136	0.16666666666666666		1/4	1/4	Chord	6/8	2	1	1/24			1/16	2/3	706							
46	46	817/6	0.16666666666666666		7/24	7/24	Chord	6/8	2	1	1/24			1/16	2/3	707							
46	46	409/3	0.16666666666666666		1/3	1/3	Chord	6/8	2	1	1/24			1/16	2/3	708							
46	46	273/2	0.16666666666666666		3/8	3/8	Chord	6/8	2	1	1/24			1/16	2/3	709							
46	46	410/3	0.16666666666666666		5/12	5/12	Chord	6/8	2	1	1/24			1/16	2/3	710							
46	46	821/6	0.16666666666666666		11/24	11/24	Chord	6/8	2	1	1/24			1/16	2/3	711							
46	46	137	0.16666666666666666		1/2	1/2	Chord	6/8	2	1	1/24			1/16	2/3	712							
46	46	823/6	0.16666666666666666		13/24	13/24	Chord	6/8	2	1	1/24			1/16	2/3	713							
46	46	412/3	0.16666666666666666		7/12	7/12	Chord	6/8	2	1	1/24			1/16	2/3	714							
46	46	275/2	0.16666666666666666		5/8	5/8	Chord	6/8	2	1	1/24			1/16	2/3	715							
46	46	413/3	0.16666666666666666		2/3	2/3	Chord	6/8	2	1	1/24			1/16	2/3	716							
46	46	827/6	0.16666666666666666		17/24	17/24	Chord	6/8	2	1	1/24			1/16	2/3	717							
47	47	138	0.5		0	0	Chord	6/8	1	1	1/8			1/8	1	718							
47	47	277/2	0.5		1/8	1/8	Chord	6/8	1	1	1/8			1/8	1	719							
47	47	1115/8	0.125		11/32	11/32	Chord	6/8	1	1	1/32			1/32	1	720							
47	47	279/2	0.0		3/8	3/8	Spanner	6/8	1	1	0												0
47	47	279/2	0.5		3/8	3/8	Chord	6/8	1	1	1/8			1/8	1	721						89	0
47	47	140	0.5		1/2	1/2	Chord	6/8	1	1	1/8			1/8	1	722							0
47	47	1127/8	0.125		23/32	23/32	Chord	6/8	1	1	1/32			1/32	1	723							0
47	47	138	0.16666666666666666		0	0	Chord	6/8	2	1	1/24			1/16	2/3	724							
47	47	829/6	0.16666666666666666		1/24	1/24	Chord	6/8	2	1	1/24			1/16	2/3	725							
47	47	415/3	0.16666666666666666		1/12	1/12	Chord	6/8	2	1	1/24			1/16	2/3	726							
47	47	277/2	0.16666666666666666		1/8	1/8	Chord	6/8	2	1	1/24			1/16	2/3	727							
47	47	416/3	0.16666666666666666		1/6	1/6	Chord	6/8	2	1	1/24			1/16	2/3	728							
47	47	833/6	0.16666666666666666		5/24	5/24	Chord	6/8	2	1	1/24			1/16	2/3	729							
47	47	139	0.16666666666666666		1/4	1/4	Chord	6/8	2	1	1/24			1/16	2/3	730							
47	47	835/6	0.16666666666666666		7/24	7/24	Chord	6/8	2	1	1/24			1/16	2/3	731							
47	47	418/3	0.16666666666666666		1/3	1/3	Chord	6/8	2	1	1/24			1/16	2/3	732							
47	47	279/2	0.16666666666666666		3/8	3/8	Chord	6/8	2	1	1/24			1/16	2/3	733							
47	47	419/3	0.16666666666666666		5/12	5/12	Chord	6/8	2	1	1/24			1/16	2/3	734							
47	47	839/6	0.16666666666666666		11/24	11/24	Chord	6/8	2	1	1/24			1/16	2/3	735							
47	47	140	0.16666666666666666		1/2	1/2	Chord	6/8	2	1	1/24			1/16	2/3	736							
47	47	841/6	0.16666666666666666		13/24	13/24	Chord	6/8	2	1	1/24			1/16	2/3	737							
47	47	421/3	0.16666666666666666		7/12	7/12	Chord	6/8	2	1	1/24			1/16	2/3	738							
47	47	281/2	0.16666666666666666		5/8	5/8	Chord	6/8	2	1	1/24			1/16	2/3	739							
47	47	422/3	0.16666666666666666		2/3	2/3	Chord	6/8	2	1	1/24			1/16	2/3	740							
47	47	845/6	0.16666666666666666		17/24	17/24	Chord	6/8	2	1	1/24			1/16	2/3	741							
48	48	141	0.0		0	0	Dynamic	6/8	1	1	0						f						
48	48	141	0.0		0	0	Spanner	6/8	1	1	0												
48	48	141	0.5		0	0	Chord	6/8	1	1	1/8			1/8	1	742						90	
48	48	283/2	0.5		1/8	1/8	Chord	6/8	1	1	1/8			1/8	1	743							
48	48	142	0.5		1/4	1/4	Chord	6/8	1	1	1/8			1/8	1	744							
48	48	285/2	0.0		3/8	3/8	Dynamic	6/8	1	1	0						p						
48	48	285/2	1.0		3/8	3/8	Chord	6/8	1	1	1/4			1/4	1	745						91	
48	48	287/2	0.5		5/8	5/8	Chord	6/8	1	1	1/8			1/8	1	746							
48	48	141	0.16666666666666666		0	0	Chord	6/8	2	1	1/24			1/16	2/3	747							
48	48	847/6	0.16666666666666666		1/24	1/24	Chord	6/8	2	1	1/24			1/16	2/3	748							
48	48	424/3	0.16666666666666666		1/12	1/12	Chord	6/8	2	1	1/24			1/16	2/3	749							
48	48	283/2	0.16666666666666666		1/8	1/8	Chord	6/8	2	1	1/24			1/16	2/3	750							
48	48	425/3	0.16666666666666666		1/6	1/6	Chord	6/8	2	1	1/24			1/16	2/3	751							
48	48	851/6	0.16666666666666666		5/24	5/24	Chord	6/8	2	1	1/24			1/16	2/3	752							
48	48	142	0.16666666666666666		1/4	1/4	Chord	6/8	2	1	1/24			1/16	2/3	753							
48	48	853/6	0.16666666666666666		7/24	7/24	Chord	6/8	2	1	1/24			1/16	2/3	754							
48	48	427/3	0.16666666666666666		1/3	1/3	Chord	6/8	2	1	1/24			1/16	2/3	755							
48	48	285/2	1.5		3/8	3/8	Chord	6/8	2	1	3/8			1/4	3/2	756							
49	49	144	0.5		0	0	Chord	6/8	1	1	1/8			1/8	1	757							
49	49	289/2	0.5		1/8	1/8	Chord	6/8	1	1	1/8			1/8	1	758							
49	49	145	0.25		1/4	1/4	Chord	6/8	1	1	1/16			1/16	1	759						92	
49	49	581/4	0.125		5/16	5/16	Chord	6/8	1	1	1/32			1/32	1	760						92	
49	49	1163/8	0.125		11/32	11/32	Chord	6/8	1	1	1/32			1/32	1	761							
49	49	291/2	0.5		3/8	3/8	Chord	6/8	1	1	1/8			1/8	1	762							
49	49	293/2	0.125		5/8	5/8	Chord	6/8	1	1	1/32			1/32	1	763						93	
49	49	1173/8	0.125		21/32	21/32	Chord	6/8	1	1	1/32			1/32	1	764						93	
49	49	587/4	0.125		11/16	11/16	Chord	6/8	1	1	1/32			1/32	1	765						93	
49	49	1175/8	0.125		23/32	23/32	Chord	6/8	1	1	1/32			1/32	1	766						93	
49	49	144	0.16666666666666666		0	0	Chord	6/8	2	1	1/24			1/16	2/3	767						94	
49	49	865/6	0.16666666666666666		1/24	1/24	Chord	6/8	2	1	1/24			1/16	2/3	768						94	
49	49	433/3	0.16666666666666666		1/12	1/12	Chord	6/8	2	1	1/24			1/16	2/3	769						94	
49	49	289/2	0.16666666666666666		1/8	1/8	Chord	6/8	2	1	1/24			1/16	2/3	770						94	
49	49	434/3	0.16666666666666666		1/6	1/6	Chord	6/8	2	1	1/24			1/16	2/3	771						94	
49	49	869/6	0.16666666666666666		5/24	5/24	Chord	6/8	2	1	1/24			1/16	2/3	772						94	
49	49	145	0.16666666666666666		1/4	1/4	Chord	6/8	2	1	1/24			1/16	2/3	773						94	
49	49	871/6	0.16666666666666666		7/24	7/24	Chord	6/8	2	1	1/24			1/16	2/3	774						94	
49	49	436/3	0.16666666666666666		1/3	1/3	Chord	6/8	2	1	1/24			1/16	2/3	775						94	
49	49	291/2	0.16666666666666666		3/8	3/8	Chord	6/8	2	1	1/24			1/16	2/3	776						94	
49	49	437/3	0.16666666666666666		5/12	5/12	Chord	6/8	2	1	1/24			1/16	2/3	777						94	
49	49	875/6	0.16666666666666666		11/24	11/24	Chord	6/8	2	1	1/24			1/16	2/3	778						94	
49	49	146	0.16666666666666666		1/2	1/2	Chord	6/8	2	1	1/24			1/16	2/3	779						94	
49	49	877/6	0.16666666666666666		13/24	13/24	Chord	6/8	2	1	1/24			1/16	2/3	780						94	
49	49	439/3	0.16666666666666666		7/12	7/12	Chord	6/8	2	1	1/24			1/16	2/3	781						94	
49	49	293/2	0.16666666666666666		5/8	5/8	Chord	6/8	2	1	1/24			1/16	2/3	782						94	
49	49	440/3	0.16666666666666666		2/3	2/3	Chord	6/8	2	1	1/24			1/16	2/3	783						94	
49	49	881/6	0.16666666666666666		17/24	17/24	Chord	6/8	2	1	1/24			1/16	2/3	784							
50	50	147	0.5		0	0	Chord	6/8	1	1	1/8			1/8	1	785							
50	50	295/2	0.5		1/8	1/8	Chord	6/8	1	1	1/8			1/8	1	786							
50	50	148	0.25		1/4	1/4	Chord	6/8	1	1	1/16			1/16	1	787						95	
50	50	593/4	0.125		5/16	5/16	Chord	6/8	1	1	1/32			1/32	1	788						95	
50	50	1187/8	0.125		11/32	11/32	Chord	6/8	1	1	1/32			1/32	1	789							
50	50	297/2	0.5		3/8	3/8	Chord	6/8	1	1	1/8			1/8	1	790							
50	50	299/2	0.125		5/8	5/8	Chord	6/8	1	1	1/32			1/32	1	791						96	
50	50	1197/8	0.125		21/32	21/32	Chord	6/8	1	1	1/32			1/32	1	792						96	
50	50	599/4	0.125		11/16	11/16	Chord	6/8	1	1	1/32			1/32	1	793						96	
50	50	1199/8	0.125		23/32	23/32	Chord	6/8	1	1	1/32			1/32	1	794						96	
50	50	147	0.0		0	0	StaffText	6/8	2	1	0								simile				
50	50	147	0.16666666666666666		0	0	Chord	6/8	2	1	1/24			1/16	2/3	795							
50	50	883/6	0.16666666666666666		1/24	1/24	Chord	6/8	2	1	1/24			1/16	2/3	796							
50	50	442/3	0.16666666666666666		1/12	1/12	Chord	6/8	2	1	1/24			1/16	2/3	797							
50	50	295/2	0.16666666666666666		1/8	1/8	Chord	6/8	2	1	1/24			1/16	2/3	798							
50	50	443/3	0.16666666666666666		1/6	1/6	Chord	6/8	2	1	1/24			1/16	2/3	799							
50	50	887/6	0.16666666666666666		5/24	5/24	Chord	6/8	2	1	1/24			1/16	2/3	800							
50	50	148	0.16666666666666666		1/4	1/4	Chord	6/8	2	1	1/24			1/16	2/3	801							
50	50	889/6	0.16666666666666666		7/24	7/24	Chord	6/8	2	1	1/24			1/16	2/3	802							
50	50	445/3	0.16666666666666666		1/3	1/3	Chord	6/8	2	1	1/24			1/16	2/3	803							
50	50	297/2	0.16666666666666666		3/8	3/8	Chord	6/8	2	1	1/24			1/16	2/3	804							
50	50	446/3	0.16666666666666666		5/12	5/12	Chord	6/8	2	1	1/24			1/16	2/3	805							
50	50	893/6	0.16666666666666666		11/24	11/24	Chord	6/8	2	1	1/24			1/16	2/3	806							
50	50	149	0.16666666666666666		1/2	1/2	Chord	6/8	2	1	1/24			1/16	2/3	807							
50	50	895/6	0.16666666666666666		13/24	13/24	Chord	6/8	2	1	1/24			1/16	2/3	808							
50	50	448/3	0.16666666666666666		7/12	7/12	Chord	6/8	2	1	1/24			1/16	2/3	809							
50	50	299/2	0.16666666666666666		5/8	5/8	Chord	6/8	2	1	1/24			1/16	2/3	810							
50	50	449/3	0.16666666666666666		2/3	2/3	Chord	6/8	2	1	1/24			1/16	2/3	811							
50	50	899/6	0.16666666666666666		17/24	17/24	Chord	6/8	2	1	1/24			1/16	2/3	812							
51	51	150	0.5		0	0	Chord	6/8	1	1	1/8			1/8	1	813							
51	51	301/2	0.5		1/8	1/8	Chord	6/8	1	1	1/8			1/8	1	814							
51	51	151	0.25		1/4	1/4	Chord	6/8	1	1	1/16			1/16	1	815						97	
51	51	605/4	0.125		5/16	5/16	Chord	6/8	1	1	1/32			1/32	1	816						97	
51	51	1211/8	0.125		11/32	11/32	Chord	6/8	1	1	1/32			1/32	1	817						97	
51	51	303/2	0.5		3/8	3/8	Chord	6/8	1	1	1/8			1/8	1	818							
51	51	152	0.5		1/2	1/2	Chord	6/8	1	1	1/8			1/8	1	819							
51	51	305/2	0.25		5/8	5/8	Chord	6/8	1	1	1/16			1/16	1	820						98	
51	51	611/4	0.125		11/16	11/16	Chord	6/8	1	1	1/32			1/32	1	821						98	
51	51	1223/8	0.125		23/32	23/32	Chord	6/8	1	1	1/32			1/32	1	822						98	
51	51	150	0.16666666666666666		0	0	Chord	6/8	2	1	1/24			1/16	2/3	823							
51	51	901/6	0.16666666666666666		1/24	1/24	Chord	6/8	2	1	1/24			1/16	2/3	824							
51	51	451/3	0.16666666666666666		1/12	1/12	Chord	6/8	2	1	1/24			1/16	2/3	825							
51	51	301/2	0.16666666666666666		1/8	1/8	Chord	6/8	2	1	1/24			1/16	2/3	826							
51	51	452/3	0.16666666666666666		1/6	1/6	Chord	6/8	2	1	1/24			1/16	2/3	827							
51	51	905/6	0.16666666666666666		5/24	5/24	Chord	6/8	2	1	1/24			1/16	2/3	828							
51	51	151	0.16666666666666666		1/4	1/4	Chord	6/8	2	1	1/24			1/16	2/3	829							
51	51	907/6	0.16666666666666666		7/24	7/24	Chord	6/8	2	1	1/24			1/16	2/3	830							
51	51	454/3	0.16666666666666666		1/3	1/3	Chord	6/8	2	1	1/24			1/16	2/3	831							
51	51	303/2	0.16666666666666666		3/8	3/8	Chord	6/8	2	1	1/24			1/16	2/3	832							
51	51	455/3	0.16666666666666666		5/12	5/12	Chord	6/8	2	1	1/24			1/16	2/3	833							
51	51	911/6	0.16666666666666666		11/24	11/24	Chord	6/8	2	1	1/24			1/16	2/3	834							
51	51	152	0.16666666666666666		1/2	1/2	Chord	6/8	2	1	1/24			1/16	2/3	835							
51	51	913/6	0.16666666666666666		13/24	13/24	Chord	6/8	2	1	1/24			1/16	2/3	836							
51	51	457/3	0.16666666666666666		7/12	7/12	Chord	6/8	2	1	1/24			1/16	2/3	837							
51	51	305/2	0.16666666666666666		5/8	5/8	Chord	6/8	2	1	1/24			1/16	2/3	838							
51	51	458/3	0.16666666666666666		2/3	2/3	Chord	6/8	2	1	1/24			1/16	2/3	839							
51	51	917/6	0.16666666666666666		17/24	17/24	Chord	6/8	2	1	1/24			1/16	2/3	840							
52	52	153	0.5		0	0	Chord	6/8	1	1	1/8			1/8	1	841							
52	52	307/2	0.5		1/8	1/8	Chord	6/8	1	1	1/8			1/8	1	842							
52	52	154	0.25		1/4	1/4	Chord	6/8	1	1	1/16			1/16	1	843						99	
52	52	617/4	0.125		5/16	5/16	Chord	6/8	1	1	1/32			1/32	1	844						99	
52	52	1235/8	0.125		11/32	11/32	Chord	6/8	1	1	1/32			1/32	1	845							
52	52	309/2	0.5		3/8	3/8	Chord	6/8	1	1	1/8			1/8	1	846						100	
52	52	155	0.5		1/2	1/2	Chord	6/8	1	1	1/8			1/8	1	847						100	
52	52	311/2	0.5		5/8	5/8	Chord	6/8	1	1	1/8			1/8	1	848							
52	52	309/2	1.0		3/8	3/8	Chord	6/8	1	2	1/4			1/4	1	849						101	
52	52	311/2	0.5		5/8	5/8	Chord	6/8	1	2	1/8			1/8	1	850							
52	52	153	0.16666666666666666		0	0	Chord	6/8	2	1	1/24			1/16	2/3	851							
52	52	919/6	0.16666666666666666		1/24	1/24	Chord	6/8	2	1	1/24			1/16	2/3	852							
52	52	460/3	0.16666666666666666		1/12	1/12	Chord	6/8	2	1	1/24			1/16	2/3	853							
52	52	307/2	0.16666666666666666		1/8	1/8	Chord	6/8	2	1	1/24			1/16	2/3	854							
52	52	461/3	0.16666666666666666		1/6	1/6	Chord	6/8	2	1	1/24			1/16	2/3	855							
52	52	923/6	0.16666666666666666		5/24	5/24	Chord	6/8	2	1	1/24			1/16	2/3	856							
52	52	154	0.16666666666666666		1/4	1/4	Chord	6/8	2	1	1/24			1/16	2/3	857							
52	52	925/6	0.16666666666666666		7/24	7/24	Chord	6/8	2	1	1/24			1/16	2/3	858							
52	52	463/3	0.16666666666666666		1/3	1/3	Chord	6/8	2	1	1/24			1/16	2/3	859							
52	52	309/2	1.0		3/8	3/8	Chord	6/8	2	1	1/4			1/4	1	860						102	
52	52	311/2	0.5		5/8	5/8	Chord	6/8	2	1	1/8			1/8	1	861							
52	52	309/2	1.5		3/8	3/8	Chord	6/8	2	2	3/8			1/4	3/2	862							
53	53	156	0.0		0	0	Dynamic	6/8	1	1	0						f						
53	53	156	0.16666666666666666		0	0	Chord	6/8	1	1	1/24			1/16	2/3	863						103	
53	53	937/6	0.16666666666666666		1/24	1/24	Chord	6/8	1	1	1/24			1/16	2/3	864						103	
53	53	469/3	0.16666666666666666		1/12	1/12	Chord	6/8	1	1	1/24			1/16	2/3	865						103	
53	53	313/2	0.16666666666666666		1/8	1/8	Chord	6/8	1	1	1/24			1/16	2/3	866						103	
53	53	470/3	0.16666666666666666		1/6	1/6	Chord	6/8	1	1	1/24			1/16	2/3	867						103	
53	53	941/6	0.16666666666666666		5/24	5/24	Chord	6/8	1	1	1/24			1/16	2/3	868						103	
53	53	157	0.16666666666666666		1/4	1/4	Chord	6/8	1	1	1/24			1/16	2/3	869						103	
53	53	943/6	0.16666666666666666		7/24	7/24	Chord	6/8	1	1	1/24			1/16	2/3	870						103	
53	53	472/3	0.16666666666666666		1/3	1/3	Chord	6/8	1	1	1/24			1/16	2/3	871							
53	53	315/2	0.0		3/8	3/8	StaffText	6/8	1	1	0								simile				
53	53	315/2	0.16666666666666666		3/8	3/8	Chord	6/8	1	1	1/24			1/16	2/3	872							
53	53	473/3	0.16666666666666666		5/12	5/12	Chord	6/8	1	1	1/24			1/16	2/3	873							
53	53	947/6	0.16666666666666666		11/24	11/24	Chord	6/8	1	1	1/24			1/16	2/3	874							
53	53	158	0.16666666666666666		1/2	1/2	Chord	6/8	1	1	1/24			1/16	2/3	875							
53	53	949/6	0.16666666666666666		13/24	13/24	Chord	6/8	1	1	1/24			1/16	2/3	876							
53	53	475/3	0.16666666666666666		7/12	7/12	Chord	6/8	1	1	1/24			1/16	2/3	877							
53	53	317/2	0.16666666666666666		5/8	5/8	Chord	6/8	1	1	1/24			1/16	2/3	878							
53	53	476/3	0.16666666666666666		2/3	2/3	Chord	6/8	1	1	1/24			1/16	2/3	879							
53	53	953/6	0.16666666666666666		17/24	17/24	Chord	6/8	1	1	1/24			1/16	2/3	880							
53	53	156	0.5		0	0	Chord	6/8	2	1	1/8			1/8	1	881							
53	53	313/2	0.0		1/8	1/8	Chord	6/8	2	1	0	grace16		1/16	1	882							
53	53	313/2	0.5		1/8	1/8	Chord	6/8	2	1	1/8			1/8	1	883							
53	53	157	0.0		1/4	1/4	Chord	6/8	2	1	0	grace16		1/16	1	884							
53	53	157	0.5		1/4	1/4	Chord	6/8	2	1	1/8			1/8	1	885							
53	53	315/2	0.5		3/8	3/8	Chord	6/8	2	1	1/8			1/8	1	886							
53	53	158	0.0		1/2	1/2	Chord	6/8	2	1	0	grace16		1/16	1	887							
53	53	158	0.5		1/2	1/2	Chord	6/8	2	1	1/8			1/8	1	888							
53	53	317/2	0.0		5/8	5/8	Chord	6/8	2	1	0	grace16		1/16	1	889							
53	53	317/2	0.5		5/8	5/8	Chord	6/8	2	1	1/8			1/8	1	890							
54	54	159	0.16666666666666666		0	0	Chord	6/8	1	1	1/24			1/16	2/3	891							
54	54	955/6	0.16666666666666666		1/24	1/24	Chord	6/8	1	1	1/24			1/16	2/3	892							
54	54	478/3	0.16666666666666666		1/12	1/12	Chord	6/8	1	1	1/24			1/16	2/3	893							
54	54	319/2	0.16666666666666666		1/8	1/8	Chord	6/8	1	1	1/24			1/16	2/3	894							
54	54	479/3	0.16666666666666666		1/6	1/6	Chord	6/8	1	1	1/24			1/16	2/3	895							
54	54	959/6	0.16666666666666666		5/24	5/24	Chord	6/8	1	1	1/24			1/16	2/3	896							
54	54	160	0.16666666666666666		1/4	1/4	Chord	6/8	1	1	1/24			1/16	2/3	897							
54	54	961/6	0.16666666666666666		7/24	7/24	Chord	6/8	1	1	1/24			1/16	2/3	898							
54	54	481/3	0.16666666666666666		1/3	1/3	Chord	6/8	1	1	1/24			1/16	2/3	899							
54	54	321/2	0.16666666666666666		3/8	3/8	Chord	6/8	1	1	1/24			1/16	2/3	900							
54	54	482/3	0.16666666666666666		5/12	5/12	Chord	6/8	1	1	1/24			1/16	2/3	901							
54	54	965/6	0.16666666666666666		11/24	11/24	Chord	6/8	1	1	1/24			1/16	2/3	902							
54	54	161	0.5		1/2	1/2	Chord	6/8	1	1	1/8			1/8	1	903							
54	54	159	0.5		0	0	Chord	6/8	2	1	1/8			1/8	1	904							
54	54	319/2	0.0		1/8	1/8	Chord	6/8	2	1	0	grace16		1/16	1	905							
54	54	319/2	0.5		1/8	1/8	Chord	6/8	2	1	1/8			1/8	1	906							
54	54	160	0.0		1/4	1/4	Chord	6/8	2	1	0	grace16		1/16	1	907							
54	54	160	0.5		1/4	1/4	Chord	6/8	2	1	1/8			1/8	1	908							
54	54	321/2	0.5		3/8	3/8	Chord	6/8	2	1	1/8			1/8	1	909							
54	54	161	0.0		1/2	1/2	Chord	6/8	2	1	0	grace16		1/16	1	910							
54	54	161	0.5		1/2	1/2	Chord	6/8	2	1	1/8			1/8	1	911							
55	55	162	0.0		0	0	Dynamic	6/8	1	1	0						p						
55	55	162	0.25		0	0	Chord	6/8	1	1	1/16			1/16	1	912						104	
55	55	649/4	0.25		1/16	1/16	Chord	6/8	1	1	1/16			1/16	1	913						104	
55	55	325/2	0.25		1/8	1/8	Chord	6/8	1	1	1/16			1/16	1	914						104	
55	55	651/4	0.25		3/16	3/16	Chord	6/8	1	1	1/16			1/16	1	915						104	
55	55	163	0.25		1/4	1/4	Chord	6/8	1	1	1/16			1/16	1	916						104	
55	55	653/4	0.25		5/16	5/16	Chord	6/8	1	1	1/16			1/16	1	917						104	
55	55	327/2	0.25		3/8	3/8	Chord	6/8	1	1	1/16			1/16	1	918						104	
55	55	655/4	0.25		7/16	7/16	Chord	6/8	1	1	1/16			1/16	1	919						104	
55	55	164	0.25		1/2	1/2	Chord	6/8	1	1	1/16			1/16	1	920						104	
55	55	657/4	0.25		9/16	9/16	Chord	6/8	1	1	1/16			1/16	1	921						104	
55	55	329/2	0.25		5/8	5/8	Chord	6/8	1	1	1/16			1/16	1	922						104	
55	55	659/4	0.25		11/16	11/16	Chord	6/8	1	1	1/16			1/16	1	923							
55	55	162	0.25		0	0	Chord	6/8	2	1	1/16			1/16	1	924						105	
55	55	649/4	0.25		1/16	1/16	Chord	6/8	2	1	1/16			1/16	1	925						105	
55	55	325/2	0.25		1/8	1/8	Chord	6/8	2	1	1/16			1/16	1	926						105	
55	55	651/4	0.25		3/16	3/16	Chord	6/8	2	1	1/16			1/16	1	927						105	
55	55	163	0.25		1/4	1/4	Chord	6/8	2	1	1/16			1/16	1	928						105	
55	55	653/4	0.25		5/16	5/16	Chord	6/8	2	1	1/16			1/16	1	929						105	
55	55	327/2	0.25		3/8	3/8	Chord	6/8	2	1	1/16			1/16	1	930						105	
55	55	655/4	0.25		7/16	7/16	Chord	6/8	2	1	1/16			1/16	1	931						105	
55	55	164	0.25		1/2	1/2	Chord	6/8	2	1	1/16			1/16	1	932						105	
55	55	657/4	0.25		9/16	9/16	Chord	6/8	2	1	1/16			1/16	1	933						105	
55	55	329/2	0.25		5/8	5/8	Chord	6/8	2	1	1/16			1/16	1	934						105	
55	55	659/4	0.25		11/16	11/16	Chord	6/8	2	1	1/16			1/16	1	935							
56	56	165	0.25		0	0	Chord	6/8	1	1	1/16			1/16	1	936						106	
56	56	661/4	0.25		1/16	1/16	Chord	6/8	1	1	1/16			1/16	1	937						106	
56	56	331/2	0.25		1/8	1/8	Chord	6/8	1	1	1/16			1/16	1	938						106	
56	56	663/4	0.25		3/16	3/16	Chord	6/8	1	1	1/16			1/16	1	939						106	
56	56	166	0.25		1/4	1/4	Chord	6/8	1	1	1/16			1/16	1	940						106	
56	56	665/4	0.25		5/16	5/16	Chord	6/8	1	1	1/16			1/16	1	941						106	
56	56	333/2	0.25		3/8	3/8	Chord	6/8	1	1	1/16			1/16	1	942						106	
56	56	667/4	0.25		7/16	7/16	Chord	6/8	1	1	1/16			1/16	1	943						106	
56	56	167	0.25		1/2	1/2	Chord	6/8	1	1	1/16			1/16	1	944						106	
56	56	669/4	0.25		9/16	9/16	Chord	6/8	1	1	1/16			1/16	1	945						106	
56	56	335/2	0.25		5/8	5/8	Chord	6/8	1	1	1/16			1/16	1	946						106	
56	56	671/4	0.25		11/16	11/16	Chord	6/8	1	1	1/16			1/16	1	947							
56	56	165	0.25		0	0	Chord	6/8	2	1	1/16			1/16	1	948						107	
56	56	661/4	0.25		1/16	1/16	Chord	6/8	2	1	1/16			1/16	1	949						107	
56	56	331/2	0.25		1/8	1/8	Chord	6/8	2	1	1/16			1/16	1	950						107	
56	56	663/4	0.25		3/16	3/16	Chord	6/8	2	1	1/16			1/16	1	951						107	
56	56	166	0.25		1/4	1/4	Chord	6/8	2	1	1/16			1/16	1	952						107	
56	56	665/4	0.25		5/16	5/16	Chord	6/8	2	1	1/16			1/16	1	953						107	
56	56	333/2	0.25		3/8	3/8	Chord	6/8	2	1	1/16			1/16	1	954						107	
56	56	667/4	0.25		7/16	7/16	Chord	6/8	2	1	1/16			1/16	1	955						107	
56	56	167	0.25		1/2	1/2	Chord	6/8	2	1	1/16			1/16	1	956						107	
56	56	669/4	0.25		9/16	9/16	Chord	6/8	2	1	1/16			1/16	1	957						107	
56	56	335/2	0.25		5/8	5/8	Chord	6/8	2	1	1/16			1/16	1	958						107	
56	56	671/4	0.25		11/16	11/16	Chord	6/8	2	1	1/16			1/16	1	959							
57	57	168	0.25		0	0	Chord	6/8	1	1	1/16			1/16	1	960						108	
57	57	673/4	0.25		1/16	1/16	Chord	6/8	1	1	1/16			1/16	1	961						108	
57	57	337/2	0.25		1/8	1/8	Chord	6/8	1	1	1/16			1/16	1	962						108	
57	57	675/4	0.25		3/16	3/16	Chord	6/8	1	1	1/16			1/16	1	963						108	
57	57	169	0.25		1/4	1/4	Chord	6/8	1	1	1/16			1/16	1	964						108	
57	57	677/4	0.25		5/16	5/16	Chord	6/8	1	1	1/16			1/16	1	965						108	
57	57	339/2	0.25		3/8	3/8	Chord	6/8	1	1	1/16			1/16	1	966						108	
57	57	679/4	0.25		7/16	7/16	Chord	6/8	1	1	1/16			1/16	1	967						108	
57	57	170	0.25		1/2	1/2	Chord	6/8	1	1	1/16			1/16	1	968						108	
57	57	681/4	0.25		9/16	9/16	Chord	6/8	1	1	1/16			1/16	1	969						108	
57	57	341/2	0.25		5/8	5/8	Chord	6/8	1	1	1/16			1/16	1	970						108	
57	57	683/4	0.25		11/16	11/16	Chord	6/8	1	1	1/16			1/16	1	971							
57	57	168	0.25		0	0	Chord	6/8	2	1	1/16			1/16	1	972						109	
57	57	673/4	0.25		1/16	1/16	Chord	6/8	2	1	1/16			1/16	1	973						109	
57	57	337/2	0.25		1/8	1/8	Chord	6/8	2	1	1/16			1/16	1	974						109	
57	57	675/4	0.25		3/16	3/16	Chord	6/8	2	1	1/16			1/16	1	975						109	
57	57	169	0.25		1/4	1/4	Chord	6/8	2	1	1/16			1/16	1	976						109	
57	57	677/4	0.25		5/16	5/16	Chord	6/8	2	1	1/16			1/16	1	977						109	
57	57	339/2	0.25		3/8	3/8	Chord	6/8	2	1	1/16			1/16	1	978						109	
57	57	679/4	0.25		7/16	7/16	Chord	6/8	2	1	1/16			1/16	1	979						109	
57	57	170	0.25		1/2	1/2	Chord	6/8	2	1	1/16			1/16	1	980						109	
57	57	681/4	0.25		9/16	9/16	Chord	6/8	2	1	1/16			1/16	1	981						109	
57	57	341/2	0.25		5/8	5/8	Chord	6/8	2	1	1/16			1/16	1	982						109	
57	57	683/4	0.25		11/16	11/16	Chord	6/8	2	1	1/16			1/16	1	983							
58	58	171	0.25		0	0	Chord	6/8	1	1	1/16			1/16	1	984						110	
58	58	685/4	0.25		1/16	1/16	Chord	6/8	1	1	1/16			1/16	1	985						110	
58	58	343/2	0.25		1/8	1/8	Chord	6/8	1	1	1/16			1/16	1	986						110	
58	58	687/4	0.25		3/16	3/16	Chord	6/8	1	1	1/16			1/16	1	987						110	
58	58	172	0.25		1/4	1/4	Chord	6/8	1	1	1/16			1/16	1	988						110	
58	58	689/4	0.25		5/16	5/16	Chord	6/8	1	1	1/16			1/16	1	989							
58	58	345/2	1.0		3/8	3/8	Chord	6/8	1	1	1/4			1/4	1	990						111	
58	58	347/2	0.5		5/8	5/8	Chord	6/8	1	1	1/8			1/8	1	991							
58	58	171	0.25		0	0	Chord	6/8	2	1	1/16			1/16	1	992						112	
58	58	685/4	0.25		1/16	1/16	Chord	6/8	2	1	1/16			1/16	1	993						112	
58	58	343/2	0.25		1/8	1/8	Chord	6/8	2	1	1/16			1/16	1	994						112	
58	58	687/4	0.25		3/16	3/16	Chord	6/8	2	1	1/16			1/16	1	995						112	
58	58	172	0.25		1/4	1/4	Chord	6/8	2	1	1/16			1/16	1	996						112	
58	58	689/4	0.25		5/16	5/16	Chord	6/8	2	1	1/16			1/16	1	997						112	
58	58	345/2	0.25		3/8	3/8	Chord	6/8	2	1	1/16			1/16	1	998						112	
58	58	691/4	0.25		7/16	7/16	Chord	6/8	2	1	1/16			1/16	1	999						112	
58	58	173	0.25		1/2	1/2	Chord	6/8	2	1	1/16			1/16	1	1000						112	
58	58	693/4	0.25		9/16	9/16	Chord	6/8	2	1	1/16			1/16	1	1001						112	
58	58	347/2	0.25		5/8	5/8	Chord	6/8	2	1	1/16			1/16	1	1002						112	
58	58	695/4	0.25		11/16	11/16	Chord	6/8	2	1	1/16			1/16	1	1003							
59	59	174	0.0		0	0	Dynamic	6/8	1	1	0						f						
59	59	174	0.25		0	0	Chord	6/8	1	1	1/16			1/16	1	1004						113	
59	59	697/4	0.25		1/16	1/16	Chord	6/8	1	1	1/16			1/16	1	1005						113	
59	59	349/2	0.25		1/8	1/8	Chord	6/8	1	1	1/16			1/16	1	1006						113	
59	59	699/4	0.25		3/16	3/16	Chord	6/8	1	1	1/16			1/16	1	1007						113	
59	59	175	0.25		1/4	1/4	Chord	6/8	1	1	1/16			1/16	1	1008						113	
59	59	701/4	0.25		5/16	5/16	Chord	6/8	1	1	1/16			1/16	1	1009						113	
59	59	351/2	0.25		3/8	3/8	Chord	6/8	1	1	1/16			1/16	1	1010						113	
59	59	703/4	0.25		7/16	7/16	Chord	6/8	1	1	1/16			1/16	1	1011						113	
59	59	176	0.25		1/2	1/2	Chord	6/8	1	1	1/16			1/16	1	1012						113	
59	59	705/4	0.25		9/16	9/16	Chord	6/8	1	1	1/16			1/16	1	1013						113	
59	59	353/2	0.25		5/8	5/8	Chord	6/8	1	1	1/16			1/16	1	1014						113	
59	59	707/4	0.25		11/16	11/16	Chord	6/8	1	1	1/16			1/16	1	1015							
59	59	174	0.25		0	0	Chord	6/8	2	1	1/16			1/16	1	1016						114	
59	59	697/4	0.25		1/16	1/16	Chord	6/8	2	1	1/16			1/16	1	1017						114	
59	59	349/2	0.25		1/8	1/8	Chord	6/8	2	1	1/16			1/16	1	1018						114	
59	59	699/4	0.25		3/16	3/16	Chord	6/8	2	1	1/16			1/16	1	1019						114	
59	59	175	0.25		1/4	1/4	Chord	6/8	2	1	1/16			1/16	1	1020						114	
59	59	701/4	0.25		5/16	5/16	Chord	6/8	2	1	1/16			1/16	1	1021						114	
59	59	351/2	0.25		3/8	3/8	Chord	6/8	2	1	1/16			1/16	1	1022						114	
59	59	703/4	0.25		7/16	7/16	Chord	6/8	2	1	1/16			1/16	1	1023						114	
59	59	176	0.25		1/2	1/2	Chord	6/8	2	1	1/16			1/16	1	1024						114	
59	59	705/4	0.25		9/16	9/16	Chord	6/8	2	1	1/16			1/16	1	1025						114	
59	59	353/2	0.25		5/8	5/8	Chord	6/8	2	1	1/16			1/16	1	1026						114	
59	59	707/4	0.25		11/16	11/16	Chord	6/8	2	1	1/16			1/16	1	1027							
60	60	177	0.0		0	0	StaffText	6/8	1	1	0								simile				
60	60	177	0.25		0	0	Chord	6/8	1	1	1/16			1/16	1	1028							
60	60	709/4	0.25		1/16	1/16	Chord	6/8	1	1	1/16			1/16	1	1029							
60	60	355/2	0.25		1/8	1/8	Chord	6/8	1	1	1/16			1/16	1	1030							
60	60	711/4	0.25		3/16	3/16	Chord	6/8	1	1	1/16			1/16	1	1031							
60	60	178	0.25		1/4	1/4	Chord	6/8	1	1	1/16			1/16	1	1032							
60	60	713/4	0.25		5/16	5/16	Chord	6/8	1	1	1/16			1/16	1	1033							
60	60	357/2	0.25		3/8	3/8	Chord	6/8	1	1	1/16			1/16	1	1034							
60	60	715/4	0.25		7/16	7/16	Chord	6/8	1	1	1/16			1/16	1	1035							
60	60	179	0.25		1/2	1/2	Chord	6/8	1	1	1/16			1/16	1	1036							
60	60	717/4	0.25		9/16	9/16	Chord	6/8	1	1	1/16			1/16	1	1037							
60	60	359/2	0.25		5/8	5/8	Chord	6/8	1	1	1/16			1/16	1	1038							
60	60	719/4	0.25		11/16	11/16	Chord	6/8	1	1	1/16			1/16	1	1039							
60	60	177	0.25		0	0	Chord	6/8	2	1	1/16			1/16	1	1040						115	
60	60	709/4	0.25		1/16	1/16	Chord	6/8	2	1	1/16			1/16	1	1041						115	
60	60	355/2	0.25		1/8	1/8	Chord	6/8	2	1	1/16			1/16	1	1042						115	
60	60	711/4	0.25		3/16	3/16	Chord	6/8	2	1	1/16			1/16	1	1043						115	
60	60	178	0.25		1/4	1/4	Chord	6/8	2	1	1/16			1/16	1	1044						115	
60	60	713/4	0.25		5/16	5/16	Chord	6/8	2	1	1/16			1/16	1	1045						115	
60	60	357/2	0.25		3/8	3/8	Chord	6/8	2	1	1/16			1/16	1	1046						115	
60	60	715/4	0.25		7/16	7/16	Chord	6/8	2	1	1/16			1/16	1	1047						115	
60	60	179	0.25		1/2	1/2	Chord	6/8	2	1	1/16			1/16	1	1048						115	
60	60	717/4	0.25		9/16	9/16	Chord	6/8	2	1	1/16			1/16	1	1049						115	
60	60	359/2	0.25		5/8	5/8	Chord	6/8	2	1	1/16			1/16	1	1050						115	
60	60	719/4	0.25		11/16	11/16	Chord	6/8	2	1	1/16			1/16	1	1051							
61	61	180	0.25		0	0	Chord	6/8	1	1	1/16			1/16	1	1052							
61	61	721/4	0.25		1/16	1/16	Chord	6/8	1	1	1/16			1/16	1	1053							
61	61	361/2	0.25		1/8	1/8	Chord	6/8	1	1	1/16			1/16	1	1054							
61	61	723/4	0.25		3/16	3/16	Chord	6/8	1	1	1/16			1/16	1	1055							
61	61	181	0.25		1/4	1/4	Chord	6/8	1	1	1/16			1/16	1	1056							
61	61	725/4	0.25		5/16	5/16	Chord	6/8	1	1	1/16			1/16	1	1057							
61	61	363/2	0.25		3/8	3/8	Chord	6/8	1	1	1/16			1/16	1	1058							
61	61	727/4	0.25		7/16	7/16	Chord	6/8	1	1	1/16			1/16	1	1059							
61	61	182	0.25		1/2	1/2	Chord	6/8	1	1	1/16			1/16	1	1060							
61	61	729/4	0.25		9/16	9/16	Chord	6/8	1	1	1/16			1/16	1	1061							
61	61	365/2	0.25		5/8	5/8	Chord	6/8	1	1	1/16			1/16	1	1062							
61	61	731/4	0.25		11/16	11/16	Chord	6/8	1	1	1/16			1/16	1	1063						116	
61	61	180	0.25		0	0	Chord	6/8	2	1	1/16			1/16	1	1064						117	
61	61	721/4	0.25		1/16	1/16	Chord	6/8	2	1	1/16			1/16	1	1065						117	
61	61	361/2	0.25		1/8	1/8	Chord	6/8	2	1	1/16			1/16	1	1066						117	
61	61	723/4	0.25		3/16	3/16	Chord	6/8	2	1	1/16			1/16	1	1067						117	
61	61	181	0.25		1/4	1/4	Chord	6/8	2	1	1/16			1/16	1	1068						117	
61	61	725/4	0.25		5/16	5/16	Chord	6/8	2	1	1/16			1/16	1	1069						117	
61	61	363/2	0.25		3/8	3/8	Chord	6/8	2	1	1/16			1/16	1	1070						117	
61	61	727/4	0.25		7/16	7/16	Chord	6/8	2	1	1/16			1/16	1	1071						117	
61	61	182	0.25		1/2	1/2	Chord	6/8	2	1	1/16			1/16	1	1072						117	
61	61	729/4	0.25		9/16	9/16	Chord	6/8	2	1	1/16			1/16	1	1073						117	
61	61	365/2	0.25		5/8	5/8	Chord	6/8	2	1	1/16			1/16	1	1074						117	
61	61	731/4	0.25		11/16	11/16	Chord	6/8	2	1	1/16			1/16	1	1075							
62	62	183	0.25		0	0	Chord	6/8	1	1	1/16			1/16	1	1076							
62	62	733/4	0.25		1/16	1/16	Chord	6/8	1	1	1/16			1/16	1	1077							
62	62	367/2	0.25		1/8	1/8	Chord	6/8	1	1	1/16			1/16	1	1078							
62	62	735/4	0.25		3/16	3/16	Chord	6/8	1	1	1/16			1/16	1	1079							
62	62	184	0.25		1/4	1/4	Chord	6/8	1	1	1/16			1/16	1	1080							
62	62	737/4	0.25		5/16	5/16	Chord	6/8	1	1	1/16			1/16	1	1081							
62	62	369/2	1.0		3/8	3/8	Chord	6/8	1	1	1/4			1/4	1	1082							
62	62	183	0.25		0	0	Chord	6/8	2	1	1/16			1/16	1	1083						118	
62	62	733/4	0.25		1/16	1/16	Chord	6/8	2	1	1/16			1/16	1	1084						118	
62	62	367/2	0.25		1/8	1/8	Chord	6/8	2	1	1/16			1/16	1	1085						118	
62	62	735/4	0.25		3/16	3/16	Chord	6/8	2	1	1/16			1/16	1	1086						118	
62	62	184	0.25		1/4	1/4	Chord	6/8	2	1	1/16			1/16	1	1087						118	
62	62	737/4	0.25		5/16	5/16	Chord	6/8	2	1	1/16			1/16	1	1088							
62	62	369/2	0.25		3/8	3/8	Chord	6/8	2	1	1/16			1/16	1	1089							
62	62	739/4	0.25		7/16	7/16	Chord	6/8	2	1	1/16			1/16	1	1090							
62	62	185	0.25		1/2	1/2	Chord	6/8	2	1	1/16			1/16	1	1091							
62	62	741/4	0.25		9/16	9/16	Chord	6/8	2	1	1/16			1/16	1	1092							
62	62	371/2	0.5		5/8	5/8	Chord	6/8	2	1	1/8			1/8	1	1093							
63	63	186	0.0		0	0	Dynamic	6/8	1	1	0						p						
63	63	186	0.25		0	0	Chord	6/8	1	1	1/16			1/16	1	1094						119	
63	63	745/4	0.25		1/16	1/16	Chord	6/8	1	1	1/16			1/16	1	1095						119	
63	63	373/2	0.25		1/8	1/8	Chord	6/8	1	1	1/16			1/16	1	1096						119	
63	63	747/4	0.25		3/16	3/16	Chord	6/8	1	1	1/16			1/16	1	1097						119	
63	63	187	0.25		1/4	1/4	Chord	6/8	1	1	1/16			1/16	1	1098						119	
63	63	749/4	0.25		5/16	5/16	Chord	6/8	1	1	1/16			1/16	1	1099							
63	63	375/2	0.25		3/8	3/8	Chord	6/8	1	1	1/16			1/16	1	1100						120	
63	63	751/4	0.25		7/16	7/16	Chord	6/8	1	1	1/16			1/16	1	1101						120	
63	63	188	0.25		1/2	1/2	Chord	6/8	1	1	1/16			1/16	1	1102						120	
63	63	753/4	0.25		9/16	9/16	Chord	6/8	1	1	1/16			1/16	1	1103						120	
63	63	377/2	0.25		5/8	5/8	Chord	6/8	1	1	1/16			1/16	1	1104						120	
63	63	755/4	0.25		11/16	11/16	Chord	6/8	1	1	1/16			1/16	1	1105							
63	63	186	1.0		0	0	Chord	6/8	2	1	1/4			1/4	1	1106						121	
63	63	187	0.5		1/4	1/4	Chord	6/8	2	1	1/8			1/8	1	1107							
63	63	375/2	1.5		3/8	3/8	Chord	6/8	2	1	3/8			1/4	3/2	1108							
63	63	186	1.5		0	0	Chord	6/8	2	2	3/8			1/4	3/2	1109							
63	63	375/2	1.5		3/8	3/8	Chord	6/8	2	2	3/8			1/4	3/2	1110							
64	64	189	0.25		0	0	Chord	6/8	1	1	1/16			1/16	1	1111						122	
64	64	757/4	0.25		1/16	1/16	Chord	6/8	1	1	1/16			1/16	1	1112						122	
64	64	379/2	0.25		1/8	1/8	Chord	6/8	1	1	1/16			1/16	1	1113						122	
64	64	759/4	0.25		3/16	3/16	Chord	6/8	1	1	1/16			1/16	1	1114						122	
64	64	190	0.25		1/4	1/4	Chord	6/8	1	1	1/16			1/16	1	1115						122	
64	64	761/4	0.25		5/16	5/16	Chord	6/8	1	1	1/16			1/16	1	1116							
64	64	381/2	0.25		3/8	3/8	Chord	6/8	1	1	1/16			1/16	1	1117						123	
64	64	763/4	0.25		7/16	7/16	Chord	6/8	1	1	1/16			1/16	1	1118						123	
64	64	191	0.25		1/2	1/2	Chord	6/8	1	1	1/16			1/16	1	1119						123	
64	64	765/4	0.25		9/16	9/16	Chord	6/8	1	1	1/16			1/16	1	1120						123	
64	64	383/2	0.25		5/8	5/8	Chord	6/8	1	1	1/16			1/16	1	1121						123	
64	64	767/4	0.25		11/16	11/16	Chord	6/8	1	1	1/16			1/16	1	1122							
64	64	189	0.25		0	0	Chord	6/8	2	1	1/16			1/16	1	1123						124	
64	64	757/4	0.25		1/16	1/16	Chord	6/8	2	1	1/16			1/16	1	1124						124	
64	64	379/2	0.25		1/8	1/8	Chord	6/8	2	1	1/16			1/16	1	1125						124	
64	64	759/4	0.25		3/16	3/16	Chord	6/8	2	1	1/16			1/16	1	1126						124	
64	64	190	0.25		1/4	1/4	Chord	6/8	2	1	1/16			1/16	1	1127						124	
64	64	761/4	0.25		5/16	5/16	Chord	6/8	2	1	1/16			1/16	1	1128							
64	64	381/2	0.25		3/8	3/8	Chord	6/8	2	1	1/16			1/16	1	1129						125	
64	64	763/4	0.25		7/16	7/16	Chord	6/8	2	1	1/16			1/16	1	1130						125	
64	64	191	0.25		1/2	1/2	Chord	6/8	2	1	1/16			1/16	1	1131						125	
64	64	765/4	0.25		9/16	9/16	Chord	6/8	2	1	1/16			1/16	1	1132						125	
64	64	383/2	0.25		5/8	5/8	Chord	6/8	2	1	1/16			1/16	1	1133						125	
64	64	767/4	0.25		11/16	11/16	Chord	6/8	2	1	1/16			1/16	1	1134							
64	64	189	1.5		0	0	Chord	6/8	2	2	3/8			1/4	3/2	1135							
64	64	381/2	1.5		3/8	3/8	Chord	6/8	2	2	3/8			1/4	3/2	1136							
65	65	192	0.25		0	0	Chord	6/8	1	1	1/16			1/16	1	1137						126	
65	65	769/4	0.25		1/16	1/16	Chord	6/8	1	1	1/16			1/16	1	1138						126	
65	65	385/2	0.25		1/8	1/8	Chord	6/8	1	1	1/16			1/16	1	1139						126	
65	65	771/4	0.25		3/16	3/16	Chord	6/8	1	1	1/16			1/16	1	1140						126	
65	65	193	0.25		1/4	1/4	Chord	6/8	1	1	1/16			1/16	1	1141						126	
65	65	773/4	0.25		5/16	5/16	Chord	6/8	1	1	1/16			1/16	1	1142						126	
65	65	387/2	0.25		3/8	3/8	Chord	6/8	1	1	1/16			1/16	1	1143						126	
65	65	775/4	0.25		7/16	7/16	Chord	6/8	1	1	1/16			1/16	1	1144						126	
65	65	194	0.25		1/2	1/2	Chord	6/8	1	1	1/16			1/16	1	1145						126	
65	65	777/4	0.25		9/16	9/16	Chord	6/8	1	1	1/16			1/16	1	1146						126	
65	65	389/2	0.25		5/8	5/8	Chord	6/8	1	1	1/16			1/16	1	1147						126	
65	65	779/4	0.25		11/16	11/16	Chord	6/8	1	1	1/16			1/16	1	1148							
65	65	192	0.25		0	0	Chord	6/8	2	1	1/16			1/16	1	1149						127	
65	65	769/4	0.25		1/16	1/16	Chord	6/8	2	1	1/16			1/16	1	1150						127	
65	65	385/2	0.25		1/8	1/8	Chord	6/8	2	1	1/16			1/16	1	1151						127	
65	65	771/4	0.25		3/16	3/16	Chord	6/8	2	1	1/16			1/16	1	1152						127	
65	65	193	0.5		1/4	1/4	Chord	6/8	2	1	1/8			1/8	1	1153							
65	65	387/2	0.25		3/8	3/8	Chord	6/8	2	1	1/16			1/16	1	1154						128	
65	65	775/4	0.25		7/16	7/16	Chord	6/8	2	1	1/16			1/16	1	1155						128	
65	65	194	0.25		1/2	1/2	Chord	6/8	2	1	1/16			1/16	1	1156						128	
65	65	777/4	0.25		9/16	9/16	Chord	6/8	2	1	1/16			1/16	1	1157						128	
65	65	389/2	0.5		5/8	5/8	Chord	6/8	2	1	1/8			1/8	1	1158							
65	65	192	1.5		0	0	Chord	6/8	2	2	3/8			1/4	3/2	1159							
65	65	387/2	0.25		3/8	3/8	Chord	6/8	2	2	1/16			1/16	1	1160						129	
65	65	775/4	0.25		7/16	7/16	Chord	6/8	2	2	1/16			1/16	1	1161						129	
65	65	194	0.25		1/2	1/2	Chord	6/8	2	2	1/16			1/16	1	1162						129	
65	65	777/4	0.25		9/16	9/16	Chord	6/8	2	2	1/16			1/16	1	1163						129	
65	65	389/2	0.5		5/8	5/8	Chord	6/8	2	2	1/8			1/8	1	1164							
66	66	195	0.25		0	0	Chord	6/8	1	1	1/16			1/16	1	1165						130	
66	66	781/4	0.25		1/16	1/16	Chord	6/8	1	1	1/16			1/16	1	1166							
66	66	391/2	0.25		1/8	1/8	Chord	6/8	1	1	1/16			1/16	1	1167						131	
66	66	783/4	0.25		3/16	3/16	Chord	6/8	1	1	1/16			1/16	1	1168							
66	66	196	0.25		1/4	1/4	Chord	6/8	1	1	1/16			1/16	1	1169						132	
66	66	785/4	0.25		5/16	5/16	Chord	6/8	1	1	1/16			1/16	1	1170							
66	66	393/2	0.0		3/8	3/8	Chord	6/8	1	1	0	grace32		1/32	1	1171							
66	66	393/2	0.0		3/8	3/8	Chord	6/8	1	1	0	grace32		1/32	1	1172							
66	66	393/2	0.0		3/8	3/8	Chord	6/8	1	1	0	grace32		1/32	1	1173							
66	66	393/2	1.0		3/8	3/8	Chord	6/8	1	1	1/4			1/4	1	1174						133	
66	66	395/2	0.5		5/8	5/8	Chord	6/8	1	1	1/8			1/8	1	1175							
66	66	195	0.5		0	0	Chord	6/8	2	1	1/8			1/8	1	1176							
66	66	391/2	0.5		1/8	1/8	Chord	6/8	2	1	1/8			1/8	1	1177							
66	66	196	0.5		1/4	1/4	Chord	6/8	2	1	1/8			1/8	1	1178							
66	66	393/2	1.0		3/8	3/8	Chord	6/8	2	1	1/4			1/4	1	1179						134	
66	66	395/2	0.5		5/8	5/8	Chord	6/8	2	1	1/8			1/8	1	1180							
66	66	195	0.5		0	0	Chord	6/8	2	2	1/8			1/8	1	1181							
66	66	391/2	0.5		1/8	1/8	Chord	6/8	2	2	1/8			1/8	1	1182							
66	66	196	0.5		1/4	1/4	Chord	6/8	2	2	1/8			1/8	1	1183							
67	67	198	0.25		0	0	Chord	6/8	1	1	1/16			1/16	1	1184						135	
67	67	793/4	0.25		1/16	1/16	Chord	6/8	1	1	1/16			1/16	1	1185						135	
67	67	397/2	0.25		1/8	1/8	Chord	6/8	1	1	1/16			1/16	1	1186						135	
67	67	795/4	0.25		3/16	3/16	Chord	6/8	1	1	1/16			1/16	1	1187						135	
67	67	199	0.25		1/4	1/4	Chord	6/8	1	1	1/16			1/16	1	1188						135	
67	67	797/4	0.25		5/16	5/16	Chord	6/8	1	1	1/16			1/16	1	1189						135	
67	67	399/2	0.25		3/8	3/8	Chord	6/8	1	1	1/16			1/16	1	1190						135	
67	67	799/4	0.25		7/16	7/16	Chord	6/8	1	1	1/16			1/16	1	1191						135	
67	67	200	0.25		1/2	1/2	Chord	6/8	1	1	1/16			1/16	1	1192						135	
67	67	801/4	0.25		9/16	9/16	Chord	6/8	1	1	1/16			1/16	1	1193						135	
67	67	401/2	0.25		5/8	5/8	Chord	6/8	1	1	1/16			1/16	1	1194						135	
67	67	803/4	0.25		11/16	11/16	Chord	6/8	1	1	1/16			1/16	1	1195							
67	67	198	0.25		0	0	Chord	6/8	2	1	1/16			1/16	1	1196						136	
67	67	793/4	0.25		1/16	1/16	Chord	6/8	2	1	1/16			1/16	1	1197						136	
67	67	397/2	0.25		1/8	1/8	Chord	6/8	2	1	1/16			1/16	1	1198						136	
67	67	795/4	0.25		3/16	3/16	Chord	6/8	2	1	1/16			1/16	1	1199						136	
67	67	199	0.25		1/4	1/4	Chord	6/8	2	1	1/16			1/16	1	1200						136	
67	67	797/4	0.25		5/16	5/16	Chord	6/8	2	1	1/16			1/16	1	1201						136	
67	67	399/2	0.25		3/8	3/8	Chord	6/8	2	1	1/16			1/16	1	1202						136	
67	67	799/4	0.25		7/16	7/16	Chord	6/8	2	1	1/16			1/16	1	1203						136	
67	67	200	0.25		1/2	1/2	Chord	6/8	2	1	1/16			1/16	1	1204						136	
67	67	801/4	0.25		9/16	9/16	Chord	6/8	2	1	1/16			1/16	1	1205						136	
67	67	401/2	0.25		5/8	5/8	Chord	6/8	2	1	1/16			1/16	1	1206						136	
67	67	803/4	0.25		11/16	11/16	Chord	6/8	2	1	1/16			1/16	1	1207							
68	68	201	0.25		0	0	Chord	6/8	1	1	1/16			1/16	1	1208						137	
68	68	805/4	0.25		1/16	1/16	Chord	6/8	1	1	1/16			1/16	1	1209						137	
68	68	403/2	0.25		1/8	1/8	Chord	6/8	1	1	1/16			1/16	1	1210						137	
68	68	807/4	0.25		3/16	3/16	Chord	6/8	1	1	1/16			1/16	1	1211						137	
68	68	202	0.25		1/4	1/4	Chord	6/8	1	1	1/16			1/16	1	1212						137	
68	68	809/4	0.25		5/16	5/16	Chord	6/8	1	1	1/16			1/16	1	1213						137	
68	68	405/2	0.25		3/8	3/8	Chord	6/8	1	1	1/16			1/16	1	1214						137	
68	68	811/4	0.25		7/16	7/16	Chord	6/8	1	1	1/16			1/16	1	1215						137	
68	68	203	0.25		1/2	1/2	Chord	6/8	1	1	1/16			1/16	1	1216						137	
68	68	813/4	0.25		9/16	9/16	Chord	6/8	1	1	1/16			1/16	1	1217						137	
68	68	407/2	0.25		5/8	5/8	Chord	6/8	1	1	1/16			1/16	1	1218						137	
68	68	815/4	0.25		11/16	11/16	Chord	6/8	1	1	1/16			1/16	1	1219							
68	68	201	0.0		0	0	StaffText	6/8	2	1	0								simile				
68	68	201	0.25		0	0	Chord	6/8	2	1	1/16			1/16	1	1220							
68	68	805/4	0.25		1/16	1/16	Chord	6/8	2	1	1/16			1/16	1	1221							
68	68	403/2	0.25		1/8	1/8	Chord	6/8	2	1	1/16			1/16	1	1222							
68	68	807/4	0.25		3/16	3/16	Chord	6/8	2	1	1/16			1/16	1	1223							
68	68	202	0.25		1/4	1/4	Chord	6/8	2	1	1/16			1/16	1	1224							
68	68	809/4	0.25		5/16	5/16	Chord	6/8	2	1	1/16			1/16	1	1225							
68	68	405/2	0.25		3/8	3/8	Chord	6/8	2	1	1/16			1/16	1	1226							
68	68	811/4	0.25		7/16	7/16	Chord	6/8	2	1	1/16			1/16	1	1227							
68	68	203	0.25		1/2	1/2	Chord	6/8	2	1	1/16			1/16	1	1228							
68	68	813/4	0.25		9/16	9/16	Chord	6/8	2	1	1/16			1/16	1	1229							
68	68	407/2	0.25		5/8	5/8	Chord	6/8	2	1	1/16			1/16	1	1230							
68	68	815/4	0.25		11/16	11/16	Chord	6/8	2	1	1/16			1/16	1	1231							
69	69	204	0.25		0	0	Chord	6/8	1	1	1/16			1/16	1	1232						138	
69	69	817/4	0.25		1/16	1/16	Chord	6/8	1	1	1/16			1/16	1	1233						138	
69	69	409/2	0.25		1/8	1/8	Chord	6/8	1	1	1/16			1/16	1	1234						138	
69	69	819/4	0.25		3/16	3/16	Chord	6/8	1	1	1/16			1/16	1	1235						138	
69	69	205	0.25		1/4	1/4	Chord	6/8	1	1	1/16			1/16	1	1236						138	
69	69	821/4	0.25		5/16	5/16	Chord	6/8	1	1	1/16			1/16	1	1237						138	
69	69	411/2	0.25		3/8	3/8	Chord	6/8	1	1	1/16			1/16	1	1238						138	
69	69	823/4	0.25		7/16	7/16	Chord	6/8	1	1	1/16			1/16	1	1239						138	
69	69	206	0.25		1/2	1/2	Chord	6/8	1	1	1/16			1/16	1	1240						138	
69	69	825/4	0.25		9/16	9/16	Chord	6/8	1	1	1/16			1/16	1	1241						138	
69	69	413/2	0.25		5/8	5/8	Chord	6/8	1	1	1/16			1/16	1	1242						138	
69	69	827/4	0.25		11/16	11/16	Chord	6/8	1	1	1/16			1/16	1	1243							
69	69	204	0.25		0	0	Chord	6/8	2	1	1/16			1/16	1	1244							
69	69	817/4	0.25		1/16	1/16	Chord	6/8	2	1	1/16			1/16	1	1245							
69	69	409/2	0.25		1/8	1/8	Chord	6/8	2	1	1/16			1/16	1	1246							
69	69	819/4	0.25		3/16	3/16	Chord	6/8	2	1	1/16			1/16	1	1247							
69	69	205	0.25		1/4	1/4	Chord	6/8	2	1	1/16			1/16	1	1248							
69	69	821/4	0.25		5/16	5/16	Chord	6/8	2	1	1/16			1/16	1	1249							
69	69	411/2	0.25		3/8	3/8	Chord	6/8	2	1	1/16			1/16	1	1250							
69	69	823/4	0.25		7/16	7/16	Chord	6/8	2	1	1/16			1/16	1	1251							
69	69	206	0.25		1/2	1/2	Chord	6/8	2	1	1/16			1/16	1	1252							
69	69	825/4	0.25		9/16	9/16	Chord	6/8	2	1	1/16			1/16	1	1253							
69	69	413/2	0.25		5/8	5/8	Chord	6/8	2	1	1/16			1/16	1	1254							
69	69	827/4	0.25		11/16	11/16	Chord	6/8	2	1	1/16			1/16	1	1255							
70	70	207	0.25		0	0	Chord	6/8	1	1	1/16			1/16	1	1256						139	
70	70	829/4	0.25		1/16	1/16	Chord	6/8	1	1	1/16			1/16	1	1257						139	
70	70	415/2	0.25		1/8	1/8	Chord	6/8	1	1	1/16			1/16	1	1258						139	
70	70	831/4	0.25		3/16	3/16	Chord	6/8	1	1	1/16			1/16	1	1259						139	
70	70	208	0.25		1/4	1/4	Chord	6/8	1	1	1/16			1/16	1	1260						139	
70	70	833/4	0.25		5/16	5/16	Chord	6/8	1	1	1/16			1/16	1	1261						139	
70	70	417/2	0.25		3/8	3/8	Chord	6/8	1	1	1/16			1/16	1	1262						139	
70	70	835/4	0.25		7/16	7/16	Chord	6/8	1	1	1/16			1/16	1	1263						139	
70	70	209	0.25		1/2	1/2	Chord	6/8	1	1	1/16			1/16	1	1264						139	
70	70	837/4	0.25		9/16	9/16	Chord	6/8	1	1	1/16			1/16	1	1265						139	
70	70	419/2	0.25		5/8	5/8	Chord	6/8	1	1	1/16			1/16	1	1266						139	
70	70	839/4	0.25		11/16	11/16	Chord	6/8	1	1	1/16			1/16	1	1267							
70	70	207	0.25		0	0	Chord	6/8	2	1	1/16			1/16	1	1268							
70	70	829/4	0.25		1/16	1/16	Chord	6/8	2	1	1/16			1/16	1	1269							
70	70	415/2	0.25		1/8	1/8	Chord	6/8	2	1	1/16			1/16	1	1270							
70	70	831/4	0.25		3/16	3/16	Chord	6/8	2	1	1/16			1/16	1	1271							
70	70	208	0.25		1/4	1/4	Chord	6/8	2	1	1/16			1/16	1	1272							
70	70	833/4	0.25		5/16	5/16	Chord	6/8	2	1	1/16			1/16	1	1273							
70	70	417/2	1.0		3/8	3/8	Chord	6/8	2	1	1/4			1/4	1	1274							
71	71	210	0.25		0	0	Chord	6/8	1	1	1/16			1/16	1	1275						140	
71	71	841/4	0.25		1/16	1/16	Chord	6/8	1	1	1/16			1/16	1	1276						140	
71	71	421/2	0.25		1/8	1/8	Chord	6/8	1	1	1/16			1/16	1	1277						140	
71	71	843/4	0.25		3/16	3/16	Chord	6/8	1	1	1/16			1/16	1	1278						140	
71	71	211	0.25		1/4	1/4	Chord	6/8	1	1	1/16			1/16	1	1279						140	
71	71	845/4	0.25		5/16	5/16	Chord	6/8	1	1	1/16			1/16	1	1280						140	
71	71	423/2	0.25		3/8	3/8	Chord	6/8	1	1	1/16			1/16	1	1281						140	
71	71	847/4	0.25		7/16	7/16	Chord	6/8	1	1	1/16			1/16	1	1282						140	
71	71	212	0.25		1/2	1/2	Chord	6/8	1	1	1/16			1/16	1	1283						140	
71	71	849/4	0.25		9/16	9/16	Chord	6/8	1	1	1/16			1/16	1	1284						140	
71	71	425/2	0.25		5/8	5/8	Chord	6/8	1	1	1/16			1/16	1	1285						140	
71	71	851/4	0.25		11/16	11/16	Chord	6/8	1	1	1/16			1/16	1	1286							
71	71	210	0.0		0	0	Dynamic	6/8	2	1	0						f						
71	71	210	0.25		0	0	Chord	6/8	2	1	1/16			1/16	1	1287						141	
71	71	841/4	0.25		1/16	1/16	Chord	6/8	2	1	1/16			1/16	1	1288						141	
71	71	421/2	0.25		1/8	1/8	Chord	6/8	2	1	1/16			1/16	1	1289						141	
71	71	843/4	0.25		3/16	3/16	Chord	6/8	2	1	1/16			1/16	1	1290						141	
71	71	211	0.25		1/4	1/4	Chord	6/8	2	1	1/16			1/16	1	1291						141	
71	71	845/4	0.25		5/16	5/16	Chord	6/8	2	1	1/16			1/16	1	1292						141	
71	71	423/2	0.25		3/8	3/8	Chord	6/8	2	1	1/16			1/16	1	1293						141	
71	71	847/4	0.25		7/16	7/16	Chord	6/8	2	1	1/16			1/16	1	1294						141	
71	71	212	0.25		1/2	1/2	Chord	6/8	2	1	1/16			1/16	1	1295						141	
71	71	849/4	0.25		9/16	9/16	Chord	6/8	2	1	1/16			1/16	1	1296						141	
71	71	425/2	0.25		5/8	5/8	Chord	6/8	2	1	1/16			1/16	1	1297						141	
71	71	851/4	0.25		11/16	11/16	Chord	6/8	2	1	1/16			1/16	1	1298							
72	72	213	0.25		0	0	Chord	6/8	1	1	1/16			1/16	1	1299						142	
72	72	853/4	0.25		1/16	1/16	Chord	6/8	1	1	1/16			1/16	1	1300						142	
72	72	427/2	0.25		1/8	1/8	Chord	6/8	1	1	1/16			1/16	1	1301							
72	72	855/4	0.25		3/16	3/16	Chord	6/8	1	1	1/16			1/16	1	1302						143	
72	72	214	0.25		1/4	1/4	Chord	6/8	1	1	1/16			1/16	1	1303						143	
72	72	857/4	0.25		5/16	5/16	Chord	6/8	1	1	1/16			1/16	1	1304						143	
72	72	429/2	1.0		3/8	3/8	Chord	6/8	1	1	1/4			1/4	1	1305							
72	72	213	0.25		0	0	Chord	6/8	2	1	1/16			1/16	1	1306						144	
72	72	853/4	0.25		1/16	1/16	Chord	6/8	2	1	1/16			1/16	1	1307						144	
72	72	427/2	0.25		1/8	1/8	Chord	6/8	2	1	1/16			1/16	1	1308						144	
72	72	855/4	0.25		3/16	3/16	Chord	6/8	2	1	1/16			1/16	1	1309						144	
72	72	214	0.25		1/4	1/4	Chord	6/8	2	1	1/16			1/16	1	1310						144	
72	72	857/4	0.25		5/16	5/16	Chord	6/8	2	1	1/16			1/16	1	1311							
72	72	429/2	0.25		3/8	3/8	Chord	6/8	2	1	1/16			1/16	1	1312							
72	72	859/4	0.25		7/16	7/16	Chord	6/8	2	1	1/16			1/16	1	1313							
72	72	215	0.25		1/2	1/2	Chord	6/8	2	1	1/16			1/16	1	1314							
72	72	861/4	0.25		9/16	9/16	Chord	6/8	2	1	1/16			1/16	1	1315							
72	72	431/2	0.5		5/8	5/8	Chord	6/8	2	1	1/8			1/8	1	1316							
73	73	216	0.0		0	0	Tempo	6/8	1	1	0									𝅘𝅥𝅮 = 120	60		
73	73	216	0.0		0	0	StaffText	6/8	1	1	0								<b>m.s.</b>				
73	73	433/2	0.5		1/8	1/8	Chord	6/8	1	1	1/8			1/8	1	1317						145	
73	73	217	0.5		1/4	1/4	Chord	6/8	1	1	1/8			1/8	1	1318						145	
73	73	435/2	0.5		3/8	3/8	Chord	6/8	1	1	1/8			1/8	1	1319						145	
73	73	218	0.5		1/2	1/2	Chord	6/8	1	1	1/8			1/8	1	1320						145	
73	73	437/2	0.5		5/8	5/8	Chord	6/8	1	1	1/8			1/8	1	1321							
73	73	216	0.25		0	0	Chord	6/8	1	2	1/16			1/16	1	1322							
73	73	865/4	0.25		1/16	1/16	Chord	6/8	1	2	1/16			1/16	1	1323							
73	73	433/2	0.25		1/8	1/8	Chord	6/8	1	2	1/16			1/16	1	1324							
73	73	867/4	0.25		3/16	3/16	Chord	6/8	1	2	1/16			1/16	1	1325							
73	73	217	0.25		1/4	1/4	Chord	6/8	1	2	1/16			1/16	1	1326							
73	73	869/4	0.25		5/16	5/16	Chord	6/8	1	2	1/16			1/16	1	1327							
73	73	435/2	0.25		3/8	3/8	Chord	6/8	1	2	1/16			1/16	1	1328							
73	73	871/4	0.25		7/16	7/16	Chord	6/8	1	2	1/16			1/16	1	1329							
73	73	218	0.25		1/2	1/2	Chord	6/8	1	2	1/16			1/16	1	1330							
73	73	873/4	0.25		9/16	9/16	Chord	6/8	1	2	1/16			1/16	1	1331							
73	73	437/2	0.25		5/8	5/8	Chord	6/8	1	2	1/16			1/16	1	1332							
73	73	875/4	0.25		11/16	11/16	Chord	6/8	1	2	1/16			1/16	1	1333							
73	73	216	0.0		0	0	Dynamic	6/8	2	1	0						p						
73	73	216	0.5		0	0	Chord	6/8	2	1	1/8			1/8	1	1334							
74	74	439/2	0.5		1/8	1/8	Chord	6/8	1	1	1/8			1/8	1	1335						146	
74	74	220	0.5		1/4	1/4	Chord	6/8	1	1	1/8			1/8	1	1336						146	
74	74	441/2	0.5		3/8	3/8	Chord	6/8	1	1	1/8			1/8	1	1337						146	
74	74	221	0.5		1/2	1/2	Chord	6/8	1	1	1/8			1/8	1	1338						146	
74	74	443/2	0.5		5/8	5/8	Chord	6/8	1	1	1/8			1/8	1	1339							
74	74	219	0.25		0	0	Chord	6/8	1	2	1/16			1/16	1	1340							
74	74	877/4	0.25		1/16	1/16	Chord	6/8	1	2	1/16			1/16	1	1341							
74	74	439/2	0.25		1/8	1/8	Chord	6/8	1	2	1/16			1/16	1	1342							
74	74	879/4	0.25		3/16	3/16	Chord	6/8	1	2	1/16			1/16	1	1343							
74	74	220	0.25		1/4	1/4	Chord	6/8	1	2	1/16			1/16	1	1344							
74	74	881/4	0.25		5/16	5/16	Chord	6/8	1	2	1/16			1/16	1	1345							
74	74	441/2	0.25		3/8	3/8	Chord	6/8	1	2	1/16			1/16	1	1346							
74	74	883/4	0.25		7/16	7/16	Chord	6/8	1	2	1/16			1/16	1	1347							
74	74	221	0.25		1/2	1/2	Chord	6/8	1	2	1/16			1/16	1	1348							
74	74	885/4	0.25		9/16	9/16	Chord	6/8	1	2	1/16			1/16	1	1349							
74	74	443/2	0.25		5/8	5/8	Chord	6/8	1	2	1/16			1/16	1	1350							
74	74	887/4	0.25		11/16	11/16	Chord	6/8	1	2	1/16			1/16	1	1351							
74	74	219	0.5		0	0	Chord	6/8	2	1	1/8			1/8	1	1352							
75	75	445/2	0.5		1/8	1/8	Chord	6/8	1	1	1/8			1/8	1	1353							
75	75	224	0.5		1/2	1/2	Chord	6/8	1	1	1/8			1/8	1	1354							
75	75	222	0.25		0	0	Chord	6/8	1	2	1/16			1/16	1	1355						147	
75	75	889/4	0.25		1/16	1/16	Chord	6/8	1	2	1/16			1/16	1	1356						147	
75	75	445/2	0.25		1/8	1/8	Chord	6/8	1	2	1/16			1/16	1	1357						147	
75	75	891/4	0.25		3/16	3/16	Chord	6/8	1	2	1/16			1/16	1	1358						147	
75	75	223	0.25		1/4	1/4	Chord	6/8	1	2	1/16			1/16	1	1359						147	
75	75	893/4	0.25		5/16	5/16	Chord	6/8	1	2	1/16			1/16	1	1360						147	
75	75	447/2	0.25		3/8	3/8	Chord	6/8	1	2	1/16			1/16	1	1361						147	
75	75	895/4	0.25		7/16	7/16	Chord	6/8	1	2	1/16			1/16	1	1362						147	
75	75	224	0.25		1/2	1/2	Chord	6/8	1	2	1/16			1/16	1	1363						147	
75	75	897/4	0.25		9/16	9/16	Chord	6/8	1	2	1/16			1/16	1	1364						147	
75	75	449/2	0.25		5/8	5/8	Chord	6/8	1	2	1/16			1/16	1	1365						147	
75	75	899/4	0.25		11/16	11/16	Chord	6/8	1	2	1/16			1/16	1	1366							
75	75	222	0.5		0	0	Chord	6/8	2	1	1/8			1/8	1	1367							
75	75	223	0.5		1/4	1/4	Chord	6/8	2	1	1/8			1/8	1	1368							
75	75	447/2	0.5		3/8	3/8	Chord	6/8	2	1	1/8			1/8	1	1369							
75	75	449/2	0.5		5/8	5/8	Chord	6/8	2	1	1/8			1/8	1	1370							
76	76	225	0.5		0	0	Chord	6/8	1	1	1/8			1/8	1	1371						148	
76	76	451/2	0.5		1/8	1/8	Chord	6/8	1	1	1/8			1/8	1	1372						148	
76	76	226	0.5		1/4	1/4	Chord	6/8	1	1	1/8			1/8	1	1373						148	
76	76	453/2	0.5		3/8	3/8	Chord	6/8	1	1	1/8			1/8	1	1374							
76	76	225	0.25		0	0	Chord	6/8	1	2	1/16			1/16	1	1375							
76	76	901/4	0.25		1/16	1/16	Chord	6/8	1	2	1/16			1/16	1	1376							
76	76	451/2	0.25		1/8	1/8	Chord	6/8	1	2	1/16			1/16	1	1377							
76	76	903/4	0.25		3/16	3/16	Chord	6/8	1	2	1/16			1/16	1	1378							
76	76	226	0.25		1/4	1/4	Chord	6/8	1	2	1/16			1/16	1	1379							
76	76	905/4	0.25		5/16	5/16	Chord	6/8	1	2	1/16			1/16	1	1380							
76	76	453/2	0.25		3/8	3/8	Chord	6/8	1	2	1/16			1/16	1	1381							
76	76	907/4	0.25		7/16	7/16	Chord	6/8	1	2	1/16			1/16	1	1382							
76	76	227	0.25		1/2	1/2	Chord	6/8	1	2	1/16			1/16	1	1383							
76	76	909/4	0.25		9/16	9/16	Chord	6/8	1	2	1/16			1/16	1	1384							
76	76	455/2	0.25		5/8	5/8	Chord	6/8	1	2	1/16			1/16	1	1385							
76	76	911/4	0.25		11/16	11/16	Chord	6/8	1	2	1/16			1/16	1	1386							
76	76	227	0.5		1/2	1/2	Chord	6/8	2	1	1/8			1/8	1	1387							
76	76	455/2	0.5		5/8	5/8	Chord	6/8	2	1	1/8			1/8	1	1388							
77	77	457/2	0.5		1/8	1/8	Chord	6/8	1	1	1/8			1/8	1	1389						149	
77	77	229	0.5		1/4	1/4	Chord	6/8	1	1	1/8			1/8	1	1390						149	
77	77	459/2	0.5		3/8	3/8	Chord	6/8	1	1	1/8			1/8	1	1391						149	
77	77	230	0.5		1/2	1/2	Chord	6/8	1	1	1/8			1/8	1	1392						149	
77	77	461/2	0.5		5/8	5/8	Chord	6/8	1	1	1/8			1/8	1	1393							
77	77	228	0.25		0	0	Chord	6/8	1	2	1/16			1/16	1	1394							
77	77	913/4	0.25		1/16	1/16	Chord	6/8	1	2	1/16			1/16	1	1395							
77	77	457/2	0.25		1/8	1/8	Chord	6/8	1	2	1/16			1/16	1	1396							
77	77	915/4	0.25		3/16	3/16	Chord	6/8	1	2	1/16			1/16	1	1397							
77	77	229	0.25		1/4	1/4	Chord	6/8	1	2	1/16			1/16	1	1398							
77	77	917/4	0.25		5/16	5/16	Chord	6/8	1	2	1/16			1/16	1	1399							
77	77	459/2	0.25		3/8	3/8	Chord	6/8	1	2	1/16			1/16	1	1400							
77	77	919/4	0.25		7/16	7/16	Chord	6/8	1	2	1/16			1/16	1	1401							
77	77	230	0.25		1/2	1/2	Chord	6/8	1	2	1/16			1/16	1	1402							
77	77	921/4	0.25		9/16	9/16	Chord	6/8	1	2	1/16			1/16	1	1403							
77	77	461/2	0.25		5/8	5/8	Chord	6/8	1	2	1/16			1/16	1	1404							
77	77	923/4	0.25		11/16	11/16	Chord	6/8	1	2	1/16			1/16	1	1405							
77	77	228	0.0		0	0	Dynamic	6/8	2	1	0						f						
77	77	228	0.5		0	0	Chord	6/8	2	1	1/8			1/8	1	1406							
78	78	463/2	0.5		1/8	1/8	Chord	6/8	1	1	1/8			1/8	1	1407						150	
78	78	232	0.5		1/4	1/4	Chord	6/8	1	1	1/8			1/8	1	1408						150	
78	78	465/2	0.5		3/8	3/8	Chord	6/8	1	1	1/8			1/8	1	1409						150	
78	78	233	0.5		1/2	1/2	Chord	6/8	1	1	1/8			1/8	1	1410						150	
78	78	467/2	0.5		5/8	5/8	Chord	6/8	1	1	1/8			1/8	1	1411							
78	78	231	0.25		0	0	Chord	6/8	1	2	1/16			1/16	1	1412							
78	78	925/4	0.25		1/16	1/16	Chord	6/8	1	2	1/16			1/16	1	1413							
78	78	463/2	0.25		1/8	1/8	Chord	6/8	1	2	1/16			1/16	1	1414							
78	78	927/4	0.25		3/16	3/16	Chord	6/8	1	2	1/16			1/16	1	1415							
78	78	232	0.25		1/4	1/4	Chord	6/8	1	2	1/16			1/16	1	1416							
78	78	929/4	0.25		5/16	5/16	Chord	6/8	1	2	1/16			1/16	1	1417							
78	78	465/2	0.25		3/8	3/8	Chord	6/8	1	2	1/16			1/16	1	1418							
78	78	931/4	0.25		7/16	7/16	Chord	6/8	1	2	1/16			1/16	1	1419							
78	78	233	0.25		1/2	1/2	Chord	6/8	1	2	1/16			1/16	1	1420							
78	78	933/4	0.25		9/16	9/16	Chord	6/8	1	2	1/16			1/16	1	1421							
78	78	467/2	0.25		5/8	5/8	Chord	6/8	1	2	1/16			1/16	1	1422							
78	78	935/4	0.25		11/16	11/16	Chord	6/8	1	2	1/16			1/16	1	1423							
78	78	231	0.5		0	0	Chord	6/8	2	1	1/8			1/8	1	1424							
79	79	469/2	0.5		1/8	1/8	Chord	6/8	1	1	1/8			1/8	1	1425						151	
79	79	235	0.5		1/4	1/4	Chord	6/8	1	1	1/8			1/8	1	1426							
79	79	471/2	0.5		3/8	3/8	Chord	6/8	1	1	1/8			1/8	1	1427							
79	79	234	0.25		0	0	Chord	6/8	1	2	1/16			1/16	1	1428							
79	79	937/4	0.25		1/16	1/16	Chord	6/8	1	2	1/16			1/16	1	1429							
79	79	469/2	0.25		1/8	1/8	Chord	6/8	1	2	1/16			1/16	1	1430							
79	79	939/4	0.25		3/16	3/16	Chord	6/8	1	2	1/16			1/16	1	1431							
79	79	235	0.25		1/4	1/4	Chord	6/8	1	2	1/16			1/16	1	1432							
79	79	941/4	0.25		5/16	5/16	Chord	6/8	1	2	1/16			1/16	1	1433							
79	79	471/2	0.25		3/8	3/8	Chord	6/8	1	2	1/16			1/16	1	1434							
79	79	943/4	0.25		7/16	7/16	Chord	6/8	1	2	1/16			1/16	1	1435							
79	79	236	0.25		1/2	1/2	Chord	6/8	1	2	1/16			1/16	1	1436							
79	79	945/4	0.25		9/16	9/16	Chord	6/8	1	2	1/16			1/16	1	1437							
79	79	473/2	0.25		5/8	5/8	Chord	6/8	1	2	1/16			1/16	1	1438							
79	79	947/4	0.25		11/16	11/16	Chord	6/8	1	2	1/16			1/16	1	1439							
79	79	234	0.5		0	0	Chord	6/8	2	1	1/8			1/8	1	1440							
79	79	236	0.5		1/2	1/2	Chord	6/8	2	1	1/8			1/8	1	1441							
79	79	473/2	0.5		5/8	5/8	Chord	6/8	2	1	1/8			1/8	1	1442							
80	80	475/2	0.5		1/8	1/8	Chord	6/8	1	1	1/8			1/8	1	1443						152	
80	80	238	0.5		1/4	1/4	Chord	6/8	1	1	1/8			1/8	1	1444							
80	80	477/2	0.5		3/8	3/8	Chord	6/8	1	1	1/8			1/8	1	1445							
80	80	237	0.25		0	0	Chord	6/8	1	2	1/16			1/16	1	1446							
80	80	949/4	0.25		1/16	1/16	Chord	6/8	1	2	1/16			1/16	1	1447							
80	80	475/2	0.25		1/8	1/8	Chord	6/8	1	2	1/16			1/16	1	1448							
80	80	951/4	0.25		3/16	3/16	Chord	6/8	1	2	1/16			1/16	1	1449							
80	80	238	0.25		1/4	1/4	Chord	6/8	1	2	1/16			1/16	1	1450							
80	80	953/4	0.25		5/16	5/16	Chord	6/8	1	2	1/16			1/16	1	1451							
80	80	477/2	0.25		3/8	3/8	Chord	6/8	1	2	1/16			1/16	1	1452							
80	80	955/4	0.25		7/16	7/16	Chord	6/8	1	2	1/16			1/16	1	1453							
80	80	239	0.25		1/2	1/2	Chord	6/8	1	2	1/16			1/16	1	1454							
80	80	957/4	0.25		9/16	9/16	Chord	6/8	1	2	1/16			1/16	1	1455							
80	80	479/2	0.5		5/8	5/8	Chord	6/8	1	2	1/8			1/8	1	1456							
80	80	237	0.5		0	0	Chord	6/8	2	1	1/8			1/8	1	1457							
80	80	239	0.5		1/2	1/2	Chord	6/8	2	1	1/8			1/8	1	1458							
80	80	479/2	0.5		5/8	5/8	Chord	6/8	2	1	1/8			1/8	1	1459							
81	81	240	0.0		0	0	Dynamic	6/8	1	1	0						p						
81	81	240	0.75		0	0	Chord	6/8	1	1	3/16			1/8	3/2	1460						153	
81	81	963/4	0.125		3/16	3/16	Chord	6/8	1	1	1/32			1/32	1	1461						153	
81	81	1927/8	0.125		7/32	7/32	Chord	6/8	1	1	1/32			1/32	1	1462						153	
81	81	241	0.125		1/4	1/4	Chord	6/8	1	1	1/32			1/32	1	1463						153	
81	81	1929/8	0.125		9/32	9/32	Chord	6/8	1	1	1/32			1/32	1	1464						153	
81	81	965/4	0.125		5/16	5/16	Chord	6/8	1	1	1/32			1/32	1	1465						153	
81	81	1931/8	0.125		11/32	11/32	Chord	6/8	1	1	1/32			1/32	1	1466							
81	81	483/2	0.25		3/8	3/8	Chord	6/8	1	1	1/16			1/16	1	1467						154	
81	81	967/4	0.25		7/16	7/16	Chord	6/8	1	1	1/16			1/16	1	1468							
81	81	242	0.5		1/2	1/2	Chord	6/8	1	1	1/8			1/8	1	1469		articStaccatoAbove					
81	81	240	0.25		0	0	Chord	6/8	2	1	1/16			1/16	1	1470						155	
81	81	961/4	0.25		1/16	1/16	Chord	6/8	2	1	1/16			1/16	1	1471						155	
81	81	481/2	0.25		1/8	1/8	Chord	6/8	2	1	1/16			1/16	1	1472						155	
81	81	963/4	0.25		3/16	3/16	Chord	6/8	2	1	1/16			1/16	1	1473						155	
81	81	241	0.25		1/4	1/4	Chord	6/8	2	1	1/16			1/16	1	1474						155	
81	81	965/4	0.25		5/16	5/16	Chord	6/8	2	1	1/16			1/16	1	1475						155	
81	81	483/2	0.25		3/8	3/8	Chord	6/8	2	1	1/16			1/16	1	1476						155	
81	81	967/4	0.25		7/16	7/16	Chord	6/8	2	1	1/16			1/16	1	1477						155	
81	81	242	0.25		1/2	1/2	Chord	6/8	2	1	1/16			1/16	1	1478						155	
81	81	969/4	0.25		9/16	9/16	Chord	6/8	2	1	1/16			1/16	1	1479						155	
81	81	485/2	0.25		5/8	5/8	Chord	6/8	2	1	1/16			1/16	1	1480						155	
81	81	971/4	0.25		11/16	11/16	Chord	6/8	2	1	1/16			1/16	1	1481							
82	82	243	0.25		0	0	Chord	6/8	1	1	1/16			1/16	1	1482						156	
82	82	973/4	0.25		1/16	1/16	Chord	6/8	1	1	1/16			1/16	1	1483						156	
82	82	487/2	0.25		1/8	1/8	Chord	6/8	1	1	1/16			1/16	1	1484						156	
82	82	975/4	0.25		3/16	3/16	Chord	6/8	1	1	1/16			1/16	1	1485						156	
82	82	244	0.25		1/4	1/4	Chord	6/8	1	1	1/16			1/16	1	1486						156	
82	82	977/4	0.25		5/16	5/16	Chord	6/8	1	1	1/16			1/16	1	1487							
82	82	489/2	0.25		3/8	3/8	Chord	6/8	1	1	1/16			1/16	1	1488						157	
82	82	979/4	0.25		7/16	7/16	Chord	6/8	1	1	1/16			1/16	1	1489							
82	82	245	0.5		1/2	1/2	Chord	6/8	1	1	1/8			1/8	1	1490		articStaccatoAbove					
82	82	243	0.25		0	0	Chord	6/8	2	1	1/16			1/16	1	1491						158	
82	82	973/4	0.25		1/16	1/16	Chord	6/8	2	1	1/16			1/16	1	1492						158	
82	82	487/2	0.25		1/8	1/8	Chord	6/8	2	1	1/16			1/16	1	1493						158	
82	82	975/4	0.25		3/16	3/16	Chord	6/8	2	1	1/16			1/16	1	1494						158	
82	82	244	0.25		1/4	1/4	Chord	6/8	2	1	1/16			1/16	1	1495						158	
82	82	977/4	0.25		5/16	5/16	Chord	6/8	2	1	1/16			1/16	1	1496						158	
82	82	489/2	0.25		3/8	3/8	Chord	6/8	2	1	1/16			1/16	1	1497						158	
82	82	979/4	0.25		7/16	7/16	Chord	6/8	2	1	1/16			1/16	1	1498						158	
82	82	245	0.25		1/2	1/2	Chord	6/8	2	1	1/16			1/16	1	1499						158	
82	82	981/4	0.25		9/16	9/16	Chord	6/8	2	1	1/16			1/16	1	1500						158	
82	82	491/2	0.25		5/8	5/8	Chord	6/8	2	1	1/16			1/16	1	1501						158	
82	82	983/4	0.25		11/16	11/16	Chord	6/8	2	1	1/16			1/16	1	1502							
83	83	246	0.0		0	0	Dynamic	6/8	1	1	0						sfp						
83	83	246	0.75		0	0	Chord	6/8	1	1	3/16			1/8	3/2	1503						159	
83	83	987/4	0.125		3/16	3/16	Chord	6/8	1	1	1/32			1/32	1	1504						159	
83	83	1975/8	0.125		7/32	7/32	Chord	6/8	1	1	1/32			1/32	1	1505						159	
83	83	247	0.125		1/4	1/4	Chord	6/8	1	1	1/32			1/32	1	1506						159	
83	83	1977/8	0.125		9/32	9/32	Chord	6/8	1	1	1/32			1/32	1	1507						159	
83	83	989/4	0.125		5/16	5/16	Chord	6/8	1	1	1/32			1/32	1	1508						159	
83	83	1979/8	0.125		11/32	11/32	Chord	6/8	1	1	1/32			1/32	1	1509							
83	83	495/2	0.0		3/8	3/8	Dynamic	6/8	1	1	0						sfp						
83	83	495/2	0.25		3/8	3/8	Chord	6/8	1	1	1/16			1/16	1	1510						160	
83	83	991/4	0.5		7/16	7/16	Chord	6/8	1	1	1/8			1/8	1	1511							
83	83	993/4	0.125		9/16	9/16	Chord	6/8	1	1	1/32			1/32	1	1512						161	
83	83	1987/8	0.125		19/32	19/32	Chord	6/8	1	1	1/32			1/32	1	1513						161	
83	83	497/2	0.125		5/8	5/8	Chord	6/8	1	1	1/32			1/32	1	1514						161	
83	83	1989/8	0.125		21/32	21/32	Chord	6/8	1	1	1/32			1/32	1	1515						161	
83	83	995/4	0.125		11/16	11/16	Chord	6/8	1	1	1/32			1/32	1	1516						161	
83	83	1991/8	0.125		23/32	23/32	Chord	6/8	1	1	1/32			1/32	1	1517							
83	83	246	0.5		0	0	Chord	6/8	2	1	1/8			1/8	1	1518							
83	83	493/2	0.5		1/8	1/8	Chord	6/8	2	1	1/8			1/8	1	1519							
83	83	495/2	0.5		3/8	3/8	Chord	6/8	2	1	1/8			1/8	1	1520							
83	83	248	0.5		1/2	1/2	Chord	6/8	2	1	1/8			1/8	1	1521							
84	84	249	0.5		0	0	Chord	6/8	1	1	1/8			1/8	1	1522							
84	84	499/2	0.5		1/8	1/8	Chord	6/8	1	1	1/8			1/8	1	1523							
84	84	250	0.5		1/4	1/4	Chord	6/8	1	1	1/8			1/8	1	1524							
84	84	501/2	1.0		3/8	3/8	Chord	6/8	1	1	1/4			1/4	1	1525						162	
84	84	503/2	0.5		5/8	5/8	Chord	6/8	1	1	1/8			1/8	1	1526							
84	84	501/2	1.5		3/8	3/8	Chord	6/8	1	2	3/8			1/4	3/2	1527							
84	84	249	0.5		0	0	Chord	6/8	2	1	1/8			1/8	1	1528							
84	84	499/2	0.5		1/8	1/8	Chord	6/8	2	1	1/8			1/8	1	1529							
84	84	250	0.5		1/4	1/4	Chord	6/8	2	1	1/8			1/8	1	1530							
84	84	501/2	0.0		3/8	3/8	Dynamic	6/8	2	1	0						fp						
84	84	501/2	1.0		3/8	3/8	Chord	6/8	2	1	1/4			1/4	1	1531						163	
84	84	503/2	0.5		5/8	5/8	Chord	6/8	2	1	1/8			1/8	1	1532							
84	84	501/2	1.5		3/8	3/8	Chord	6/8	2	2	3/8			1/4	3/2	1533							
85	85	505/2	0.5		1/8	1/8	Chord	6/8	1	1	1/8			1/8	1	1534						164	
85	85	253	0.5		1/4	1/4	Chord	6/8	1	1	1/8			1/8	1	1535						164	
85	85	507/2	0.5		3/8	3/8	Chord	6/8	1	1	1/8			1/8	1	1536						164	
85	85	254	0.5		1/2	1/2	Chord	6/8	1	1	1/8			1/8	1	1537						164	
85	85	509/2	0.5		5/8	5/8	Chord	6/8	1	1	1/8			1/8	1	1538							
85	85	252	0.25		0	0	Chord	6/8	1	2	1/16			1/16	1	1539							
85	85	1009/4	0.25		1/16	1/16	Chord	6/8	1	2	1/16			1/16	1	1540							
85	85	505/2	0.25		1/8	1/8	Chord	6/8	1	2	1/16			1/16	1	1541							
85	85	1011/4	0.25		3/16	3/16	Chord	6/8	1	2	1/16			1/16	1	1542							
85	85	253	0.25		1/4	1/4	Chord	6/8	1	2	1/16			1/16	1	1543							
85	85	1013/4	0.25		5/16	5/16	Chord	6/8	1	2	1/16			1/16	1	1544							
85	85	507/2	0.25		3/8	3/8	Chord	6/8	1	2	1/16			1/16	1	1545							
85	85	1015/4	0.25		7/16	7/16	Chord	6/8	1	2	1/16			1/16	1	1546							
85	85	254	0.25		1/2	1/2	Chord	6/8	1	2	1/16			1/16	1	1547							
85	85	1017/4	0.25		9/16	9/16	Chord	6/8	1	2	1/16			1/16	1	1548							
85	85	509/2	0.25		5/8	5/8	Chord	6/8	1	2	1/16			1/16	1	1549							
85	85	1019/4	0.25		11/16	11/16	Chord	6/8	1	2	1/16			1/16	1	1550							
85	85	252	0.5		0	0	Chord	6/8	2	1	1/8			1/8	1	1551							
86	86	511/2	0.5		1/8	1/8	Chord	6/8	1	1	1/8			1/8	1	1552						165	
86	86	256	0.5		1/4	1/4	Chord	6/8	1	1	1/8			1/8	1	1553						165	
86	86	513/2	0.5		3/8	3/8	Chord	6/8	1	1	1/8			1/8	1	1554						165	
86	86	257	0.5		1/2	1/2	Chord	6/8	1	1	1/8			1/8	1	1555						165	
86	86	515/2	0.5		5/8	5/8	Chord	6/8	1	1	1/8			1/8	1	1556							
86	86	255	0.25		0	0	Chord	6/8	1	2	1/16			1/16	1	1557							
86	86	1021/4	0.25		1/16	1/16	Chord	6/8	1	2	1/16			1/16	1	1558							
86	86	511/2	0.25		1/8	1/8	Chord	6/8	1	2	1/16			1/16	1	1559							
86	86	1023/4	0.25		3/16	3/16	Chord	6/8	1	2	1/16			1/16	1	1560							
86	86	256	0.25		1/4	1/4	Chord	6/8	1	2	1/16			1/16	1	1561							
86	86	1025/4	0.25		5/16	5/16	Chord	6/8	1	2	1/16			1/16	1	1562							
86	86	513/2	0.25		3/8	3/8	Chord	6/8	1	2	1/16			1/16	1	1563							
86	86	1027/4	0.25		7/16	7/16	Chord	6/8	1	2	1/16			1/16	1	1564							
86	86	257	0.25		1/2	1/2	Chord	6/8	1	2	1/16			1/16	1	1565							
86	86	1029/4	0.25		9/16	9/16	Chord	6/8	1	2	1/16			1/16	1	1566							
86	86	515/2	0.25		5/8	5/8	Chord	6/8	1	2	1/16			1/16	1	1567							
86	86	1031/4	0.25		11/16	11/16	Chord	6/8	1	2	1/16			1/16	1	1568							
86	86	255	0.5		0	0	Chord	6/8	2	1	1/8			1/8	1	1569							
87	87	517/2	0.5		1/8	1/8	Chord	6/8	1	1	1/8			1/8	1	1570						166	
87	87	259	0.5		1/4	1/4	Chord	6/8	1	1	1/8			1/8	1	1571							
87	87	519/2	0.5		3/8	3/8	Chord	6/8	1	1	1/8			1/8	1	1572							
87	87	258	0.25		0	0	Chord	6/8	1	2	1/16			1/16	1	1573							
87	87	1033/4	0.25		1/16	1/16	Chord	6/8	1	2	1/16			1/16	1	1574							
87	87	517/2	0.25		1/8	1/8	Chord	6/8	1	2	1/16			1/16	1	1575							
87	87	1035/4	0.25		3/16	3/16	Chord	6/8	1	2	1/16			1/16	1	1576							
87	87	259	0.25		1/4	1/4	Chord	6/8	1	2	1/16			1/16	1	1577							
87	87	1037/4	0.25		5/16	5/16	Chord	6/8	1	2	1/16			1/16	1	1578							
87	87	519/2	0.25		3/8	3/8	Chord	6/8	1	2	1/16			1/16	1	1579							
87	87	1039/4	0.25		7/16	7/16	Chord	6/8	1	2	1/16			1/16	1	1580							
87	87	260	0.25		1/2	1/2	Chord	6/8	1	2	1/16			1/16	1	1581							
87	87	1041/4	0.25		9/16	9/16	Chord	6/8	1	2	1/16			1/16	1	1582							
87	87	521/2	0.25		5/8	5/8	Chord	6/8	1	2	1/16			1/16	1	1583							
87	87	1043/4	0.25		11/16	11/16	Chord	6/8	1	2	1/16			1/16	1	1584							
87	87	258	0.5		0	0	Chord	6/8	2	1	1/8			1/8	1	1585							
87	87	260	0.5		1/2	1/2	Chord	6/8	2	1	1/8			1/8	1	1586							
87	87	521/2	0.5		5/8	5/8	Chord	6/8	2	1	1/8			1/8	1	1587							
88	88	523/2	0.5		1/8	1/8	Chord	6/8	1	1	1/8			1/8	1	1588						167	
88	88	262	0.5		1/4	1/4	Chord	6/8	1	1	1/8			1/8	1	1589							
88	88	525/2	0.5		3/8	3/8	Chord	6/8	1	1	1/8			1/8	1	1590						168	
88	88	263	0.5		1/2	1/2	Chord	6/8	1	1	1/8			1/8	1	1591							
88	88	527/2	0.5		5/8	5/8	Chord	6/8	1	1	1/8			1/8	1	1592							
88	88	525/2	1.0		3/8	3/8	Chord	6/8	1	2	1/4			1/4	1	1593							
88	88	527/2	0.5		5/8	5/8	Chord	6/8	1	2	1/8			1/8	1	1594							
88	88	261	0.25		0	0	Chord	6/8	1	3	1/16			1/16	1	1595							
88	88	1045/4	0.25		1/16	1/16	Chord	6/8	1	3	1/16			1/16	1	1596							
88	88	523/2	0.25		1/8	1/8	Chord	6/8	1	3	1/16			1/16	1	1597							
88	88	1047/4	0.25		3/16	3/16	Chord	6/8	1	3	1/16			1/16	1	1598							
88	88	262	0.25		1/4	1/4	Chord	6/8	1	3	1/16			1/16	1	1599							
88	88	1049/4	0.25		5/16	5/16	Chord	6/8	1	3	1/16			1/16	1	1600							
88	88	525/2	0.25		3/8	3/8	Chord	6/8	1	3	1/16			1/16	1	1601							
88	88	1051/4	0.25		7/16	7/16	Chord	6/8	1	3	1/16			1/16	1	1602							
88	88	263	0.25		1/2	1/2	Chord	6/8	1	3	1/16			1/16	1	1603							
88	88	1053/4	0.25		9/16	9/16	Chord	6/8	1	3	1/16			1/16	1	1604							
88	88	527/2	0.25		5/8	5/8	Chord	6/8	1	3	1/16			1/16	1	1605							
88	88	1055/4	0.25		11/16	11/16	Chord	6/8	1	3	1/16			1/16	1	1606							
88	88	261	0.5		0	0	Chord	6/8	2	1	1/8			1/8	1	1607							
89	89	529/2	0.5		1/8	1/8	Chord	6/8	1	1	1/8			1/8	1	1608						169	
89	89	265	0.5		1/4	1/4	Chord	6/8	1	1	1/8			1/8	1	1609							
89	89	531/2	0.5		3/8	3/8	Chord	6/8	1	1	1/8			1/8	1	1610							
89	89	264	0.0		0	0	Dynamic	6/8	1	3	0						f						
89	89	264	0.25		0	0	Chord	6/8	1	3	1/16			1/16	1	1611							
89	89	1057/4	0.25		1/16	1/16	Chord	6/8	1	3	1/16			1/16	1	1612							
89	89	529/2	0.25		1/8	1/8	Chord	6/8	1	3	1/16			1/16	1	1613							
89	89	1059/4	0.25		3/16	3/16	Chord	6/8	1	3	1/16			1/16	1	1614							
89	89	265	0.25		1/4	1/4	Chord	6/8	1	3	1/16			1/16	1	1615							
89	89	1061/4	0.25		5/16	5/16	Chord	6/8	1	3	1/16			1/16	1	1616							
89	89	531/2	0.25		3/8	3/8	Chord	6/8	1	3	1/16			1/16	1	1617							
89	89	1063/4	0.25		7/16	7/16	Chord	6/8	1	3	1/16			1/16	1	1618							
89	89	266	0.25		1/2	1/2	Chord	6/8	1	3	1/16			1/16	1	1619							
89	89	1065/4	0.25		9/16	9/16	Chord	6/8	1	3	1/16			1/16	1	1620							
89	89	533/2	0.25		5/8	5/8	Chord	6/8	1	3	1/16			1/16	1	1621							
89	89	1067/4	0.25		11/16	11/16	Chord	6/8	1	3	1/16			1/16	1	1622							
89	89	264	0.5		0	0	Chord	6/8	2	1	1/8			1/8	1	1623							
89	89	266	0.5		1/2	1/2	Chord	6/8	2	1	1/8			1/8	1	1624							
89	89	533/2	0.5		5/8	5/8	Chord	6/8	2	1	1/8			1/8	1	1625							
90	90	535/2	0.5		1/8	1/8	Chord	6/8	1	1	1/8			1/8	1	1626						170	
90	90	268	0.5		1/4	1/4	Chord	6/8	1	1	1/8			1/8	1	1627							
90	90	537/2	0.5		3/8	3/8	Chord	6/8	1	1	1/8			1/8	1	1628							
90	90	267	0.25		0	0	Chord	6/8	1	3	1/16			1/16	1	1629							
90	90	1069/4	0.25		1/16	1/16	Chord	6/8	1	3	1/16			1/16	1	1630							
90	90	535/2	0.25		1/8	1/8	Chord	6/8	1	3	1/16			1/16	1	1631							
90	90	1071/4	0.25		3/16	3/16	Chord	6/8	1	3	1/16			1/16	1	1632							
90	90	268	0.25		1/4	1/4	Chord	6/8	1	3	1/16			1/16	1	1633							
90	90	1073/4	0.25		5/16	5/16	Chord	6/8	1	3	1/16			1/16	1	1634							
90	90	537/2	0.25		3/8	3/8	Chord	6/8	1	3	1/16			1/16	1	1635							
90	90	1075/4	0.25		7/16	7/16	Chord	6/8	1	3	1/16			1/16	1	1636							
90	90	269	0.25		1/2	1/2	Chord	6/8	1	3	1/16			1/16	1	1637							
90	90	1077/4	0.25		9/16	9/16	Chord	6/8	1	3	1/16			1/16	1	1638							
90	90	539/2	0.5		5/8	5/8	Chord	6/8	1	3	1/8			1/8	1	1639							
90	90	267	0.5		0	0	Chord	6/8	2	1	1/8			1/8	1	1640							
90	90	269	0.5		1/2	1/2	Chord	6/8	2	1	1/8			1/8	1	1641							
90	90	539/2	0.5		5/8	5/8	Chord	6/8	2	1	1/8			1/8	1	1642							
91	91	270	0.0		0	0	Tempo	6/8	1	1	0									𝅘𝅥𝅮 = 60	30		
91	91	270	0.0		0	0	Dynamic	6/8	1	1	0						p						
91	91	270	0.5		0	0	Chord	6/8	1	1	1/8			1/8	1	1643							
91	91	541/2	0.75		1/8	1/8	Chord	6/8	1	1	3/16			1/8	3/2	1644						171	
91	91	1085/4	0.25		5/16	5/16	Chord	6/8	1	1	1/16			1/16	1	1645							
91	91	543/2	0.25		3/8	3/8	Chord	6/8	1	1	1/16			1/16	1	1646						172	
91	91	1087/4	0.25		7/16	7/16	Chord	6/8	1	1	1/16			1/16	1	1647							
91	91	1089/4	0.25		9/16	9/16	Chord	6/8	1	1	1/16			1/16	1	1648							
91	91	545/2	0.125		5/8	5/8	Chord	6/8	1	1	1/32			1/32	1	1649						173	
91	91	2181/8	0.125		21/32	21/32	Chord	6/8	1	1	1/32			1/32	1	1650						173	
91	91	1091/4	0.125		11/16	11/16	Chord	6/8	1	1	1/32			1/32	1	1651						173	
91	91	2183/8	0.125		23/32	23/32	Chord	6/8	1	1	1/32			1/32	1	1652							
91	91	270	0.125		0	0	Chord	6/8	2	1	1/32			1/32	1	1653						174	
91	91	2161/8	0.125		1/32	1/32	Chord	6/8	2	1	1/32			1/32	1	1654						174	
91	91	1081/4	0.125		1/16	1/16	Chord	6/8	2	1	1/32			1/32	1	1655						174	
91	91	2163/8	0.125		3/32	3/32	Chord	6/8	2	1	1/32			1/32	1	1656						174	
91	91	541/2	0.125		1/8	1/8	Chord	6/8	2	1	1/32			1/32	1	1657						174	
91	91	2165/8	0.125		5/32	5/32	Chord	6/8	2	1	1/32			1/32	1	1658						174	
91	91	1083/4	0.125		3/16	3/16	Chord	6/8	2	1	1/32			1/32	1	1659						174	
91	91	2167/8	0.125		7/32	7/32	Chord	6/8	2	1	1/32			1/32	1	1660						174	
91	91	271	0.125		1/4	1/4	Chord	6/8	2	1	1/32			1/32	1	1661						174	
91	91	2169/8	0.125		9/32	9/32	Chord	6/8	2	1	1/32			1/32	1	1662						174	
91	91	1085/4	0.125		5/16	5/16	Chord	6/8	2	1	1/32			1/32	1	1663						174	
91	91	2171/8	0.125		11/32	11/32	Chord	6/8	2	1	1/32			1/32	1	1664							
91	91	543/2	0.125		3/8	3/8	Chord	6/8	2	1	1/32			1/32	1	1665						175	
91	91	2173/8	0.125		13/32	13/32	Chord	6/8	2	1	1/32			1/32	1	1666						175	
91	91	1087/4	0.125		7/16	7/16	Chord	6/8	2	1	1/32			1/32	1	1667						175	
91	91	2175/8	0.125		15/32	15/32	Chord	6/8	2	1	1/32			1/32	1	1668						175	
91	91	272	0.125		1/2	1/2	Chord	6/8	2	1	1/32			1/32	1	1669						175	
91	91	2177/8	0.125		17/32	17/32	Chord	6/8	2	1	1/32			1/32	1	1670						175	
91	91	1089/4	0.125		9/16	9/16	Chord	6/8	2	1	1/32			1/32	1	1671						175	
91	91	2179/8	0.125		19/32	19/32	Chord	6/8	2	1	1/32			1/32	1	1672						175	
91	91	545/2	0.125		5/8	5/8	Chord	6/8	2	1	1/32			1/32	1	1673						175	
91	91	2181/8	0.125		21/32	21/32	Chord	6/8	2	1	1/32			1/32	1	1674						175	
91	91	1091/4	0.125		11/16	11/16	Chord	6/8	2	1	1/32			1/32	1	1675						175	
91	91	2183/8	0.125		23/32	23/32	Chord	6/8	2	1	1/32			1/32	1	1676							
92	92	273	0.25		0	0	Chord	6/8	1	1	1/16			1/16	1	1677						176	
92	92	1093/4	0.25		1/16	1/16	Chord	6/8	1	1	1/16			1/16	1	1678							
92	92	547/2	0.75		1/8	1/8	Chord	6/8	1	1	3/16			1/8	3/2	1679						177	
92	92	1097/4	0.25		5/16	5/16	Chord	6/8	1	1	1/16			1/16	1	1680							
92	92	549/2	0.5		3/8	3/8	Chord	6/8	1	1	1/8			1/8	1	1681						178	
92	92	275	0.25		1/2	1/2	Chord	6/8	1	1	1/16			1/16	1	1682							
92	92	2203/8	0.125		19/32	19/32	Chord	6/8	1	1	1/32			1/32	1	1683							
92	92	551/2	0.125		5/8	5/8	Chord	6/8	1	1	1/32			1/32	1	1684						179	
92	92	2205/8	0.125		21/32	21/32	Chord	6/8	1	1	1/32			1/32	1	1685						179	
92	92	1103/4	0.125		11/16	11/16	Chord	6/8	1	1	1/32			1/32	1	1686						179	
92	92	2207/8	0.125		23/32	23/32	Chord	6/8	1	1	1/32			1/32	1	1687							
92	92	273	0.125		0	0	Chord	6/8	2	1	1/32			1/32	1	1688						180	
92	92	2185/8	0.125		1/32	1/32	Chord	6/8	2	1	1/32			1/32	1	1689						180	
92	92	1093/4	0.125		1/16	1/16	Chord	6/8	2	1	1/32			1/32	1	1690						180	
92	92	2187/8	0.125		3/32	3/32	Chord	6/8	2	1	1/32			1/32	1	1691						180	
92	92	547/2	0.125		1/8	1/8	Chord	6/8	2	1	1/32			1/32	1	1692						180	
92	92	2189/8	0.125		5/32	5/32	Chord	6/8	2	1	1/32			1/32	1	1693						180	
92	92	1095/4	0.125		3/16	3/16	Chord	6/8	2	1	1/32			1/32	1	1694						180	
92	92	2191/8	0.125		7/32	7/32	Chord	6/8	2	1	1/32			1/32	1	1695						180	
92	92	274	0.125		1/4	1/4	Chord	6/8	2	1	1/32			1/32	1	1696						180	
92	92	2193/8	0.125		9/32	9/32	Chord	6/8	2	1	1/32			1/32	1	1697						180	
92	92	1097/4	0.125		5/16	5/16	Chord	6/8	2	1	1/32			1/32	1	1698						180	
92	92	2195/8	0.125		11/32	11/32	Chord	6/8	2	1	1/32			1/32	1	1699							
92	92	549/2	0.125		3/8	3/8	Chord	6/8	2	1	1/32			1/32	1	1700						181	
92	92	2197/8	0.125		13/32	13/32	Chord	6/8	2	1	1/32			1/32	1	1701						181	
92	92	1099/4	0.125		7/16	7/16	Chord	6/8	2	1	1/32			1/32	1	1702						181	
92	92	2199/8	0.125		15/32	15/32	Chord	6/8	2	1	1/32			1/32	1	1703						181	
92	92	275	0.125		1/2	1/2	Chord	6/8	2	1	1/32			1/32	1	1704						181	
92	92	2201/8	0.125		17/32	17/32	Chord	6/8	2	1	1/32			1/32	1	1705						181	
92	92	1101/4	0.125		9/16	9/16	Chord	6/8	2	1	1/32			1/32	1	1706						181	
92	92	2203/8	0.125		19/32	19/32	Chord	6/8	2	1	1/32			1/32	1	1707						181	
92	92	551/2	0.125		5/8	5/8	Chord	6/8	2	1	1/32			1/32	1	1708						181	
92	92	2205/8	0.125		21/32	21/32	Chord	6/8	2	1	1/32			1/32	1	1709						181	
92	92	1103/4	0.125		11/16	11/16	Chord	6/8	2	1	1/32			1/32	1	1710						181	
92	92	2207/8	0.125		23/32	23/32	Chord	6/8	2	1	1/32			1/32	1	1711							
93	93	276	0.25		0	0	Chord	6/8	1	1	1/16			1/16	1	1712						182	
93	93	1105/4	0.25		1/16	1/16	Chord	6/8	1	1	1/16			1/16	1	1713							
93	93	2213/8	0.125		5/32	5/32	Chord	6/8	1	1	1/32			1/32	1	1714						183	
93	93	1107/4	0.125		3/16	3/16	Chord	6/8	1	1	1/32			1/32	1	1715						183	
93	93	2215/8	0.125		7/32	7/32	Chord	6/8	1	1	1/32			1/32	1	1716						183	
93	93	277	0.125		1/4	1/4	Chord	6/8	1	1	1/32			1/32	1	1717						183	
93	93	2217/8	0.125		9/32	9/32	Chord	6/8	1	1	1/32			1/32	1	1718						183	
93	93	1109/4	0.125		5/16	5/16	Chord	6/8	1	1	1/32			1/32	1	1719						183	
93	93	2219/8	0.125		11/32	11/32	Chord	6/8	1	1	1/32			1/32	1	1720							
93	93	555/2	0.25		3/8	3/8	Chord	6/8	1	1	1/16			1/16	1	1721						184	
93	93	1111/4	0.25		7/16	7/16	Chord	6/8	1	1	1/16			1/16	1	1722							
93	93	2225/8	0.125		17/32	17/32	Chord	6/8	1	1	1/32			1/32	1	1723						185	
93	93	1113/4	0.125		9/16	9/16	Chord	6/8	1	1	1/32			1/32	1	1724						185	
93	93	2227/8	0.125		19/32	19/32	Chord	6/8	1	1	1/32			1/32	1	1725						185	
93	93	557/2	0.125		5/8	5/8	Chord	6/8	1	1	1/32			1/32	1	1726						185	
93	93	2229/8	0.125		21/32	21/32	Chord	6/8	1	1	1/32			1/32	1	1727						185	
93	93	1115/4	0.125		11/16	11/16	Chord	6/8	1	1	1/32			1/32	1	1728						185	
93	93	2231/8	0.125		23/32	23/32	Chord	6/8	1	1	1/32			1/32	1	1729							
93	93	276	0.125		0	0	Chord	6/8	2	1	1/32			1/32	1	1730						186	
93	93	2209/8	0.125		1/32	1/32	Chord	6/8	2	1	1/32			1/32	1	1731						186	
93	93	1105/4	0.125		1/16	1/16	Chord	6/8	2	1	1/32			1/32	1	1732						186	
93	93	2211/8	0.125		3/32	3/32	Chord	6/8	2	1	1/32			1/32	1	1733							
93	93	553/2	0.5		1/8	1/8	Chord	6/8	2	1	1/8			1/8	1	1734							
93	93	555/2	0.125		3/8	3/8	Chord	6/8	2	1	1/32			1/32	1	1735						187	
93	93	2221/8	0.125		13/32	13/32	Chord	6/8	2	1	1/32			1/32	1	1736						187	
93	93	1111/4	0.125		7/16	7/16	Chord	6/8	2	1	1/32			1/32	1	1737						187	
93	93	2223/8	0.125		15/32	15/32	Chord	6/8	2	1	1/32			1/32	1	1738							
93	93	278	0.5		1/2	1/2	Chord	6/8	2	1	1/8			1/8	1	1739							
94	94	279	0.125		0	0	Chord	6/8	1	1	1/32			1/32	1	1740						188	
94	94	2233/8	0.125		1/32	1/32	Chord	6/8	1	1	1/32			1/32	1	1741						188	
94	94	1117/4	0.125		1/16	1/16	Chord	6/8	1	1	1/32			1/32	1	1742						188	
94	94	2235/8	0.125		3/32	3/32	Chord	6/8	1	1	1/32			1/32	1	1743						188	
94	94	559/2	0.125		1/8	1/8	Chord	6/8	1	1	1/32			1/32	1	1744						188	
94	94	2237/8	0.125		5/32	5/32	Chord	6/8	1	1	1/32			1/32	1	1745						188	
94	94	1119/4	0.125		3/16	3/16	Chord	6/8	1	1	1/32			1/32	1	1746						188	
94	94	2239/8	0.125		7/32	7/32	Chord	6/8	1	1	1/32			1/32	1	1747						188	
94	94	280	0.125		1/4	1/4	Chord	6/8	1	1	1/32			1/32	1	1748						188	
94	94	2241/8	0.125		9/32	9/32	Chord	6/8	1	1	1/32			1/32	1	1749						188	
94	94	1121/4	0.125		5/16	5/16	Chord	6/8	1	1	1/32			1/32	1	1750						188	
94	94	2243/8	0.125		11/32	11/32	Chord	6/8	1	1	1/32			1/32	1	1751							
94	94	561/2	0.125		3/8	3/8	Chord	6/8	1	1	1/32			1/32	1	1752						189	
94	94	2245/8	0.125		13/32	13/32	Chord	6/8	1	1	1/32			1/32	1	1753						189	
94	94	1123/4	0.125		7/16	7/16	Chord	6/8	1	1	1/32			1/32	1	1754						189	
94	94	2247/8	0.125		15/32	15/32	Chord	6/8	1	1	1/32			1/32	1	1755						189	
94	94	281	0.125		1/2	1/2	Chord	6/8	1	1	1/32			1/32	1	1756						189	
94	94	2249/8	0.125		17/32	17/32	Chord	6/8	1	1	1/32			1/32	1	1757						189	
94	94	1125/4	0.125		9/16	9/16	Chord	6/8	1	1	1/32			1/32	1	1758						189	
94	94	2251/8	0.125		19/32	19/32	Chord	6/8	1	1	1/32			1/32	1	1759						189	
94	94	563/2	0.125		5/8	5/8	Chord	6/8	1	1	1/32			1/32	1	1760						189	
94	94	2253/8	0.125		21/32	21/32	Chord	6/8	1	1	1/32			1/32	1	1761						189	
94	94	1127/4	0.125		11/16	11/16	Chord	6/8	1	1	1/32			1/32	1	1762						189	
94	94	2255/8	0.125		23/32	23/32	Chord	6/8	1	1	1/32			1/32	1	1763							
94	94	279	0.5		0	0	Chord	6/8	2	1	1/8			1/8	1	1764							
94	94	559/2	0.5		1/8	1/8	Chord	6/8	2	1	1/8			1/8	1	1765							
94	94	280	0.5		1/4	1/4	Chord	6/8	2	1	1/8			1/8	1	1766							
94	94	561/2	0.5		3/8	3/8	Chord	6/8	2	1	1/8			1/8	1	1767							
95	95	282	0.0		0	0	Dynamic	6/8	1	1	0						f						
95	95	282	0.25		0	0	Chord	6/8	1	1	1/16			1/16	1	1768							
95	95	1129/4	0.5		1/16	1/16	Chord	6/8	1	1	1/8			1/8	1	1769							
95	95	1131/4	0.25		3/16	3/16	Chord	6/8	1	1	1/16			1/16	1	1770						190	
95	95	283	0.25		1/4	1/4	Chord	6/8	1	1	1/16			1/16	1	1771						190	
95	95	1133/4	0.25		5/16	5/16	Chord	6/8	1	1	1/16			1/16	1	1772						190	
95	95	567/2	0.125		3/8	3/8	Chord	6/8	1	1	1/32			1/32	1	1773							
95	95	2269/8	0.125		13/32	13/32	Chord	6/8	1	1	1/32			1/32	1	1774							
95	95	1135/4	0.125		7/16	7/16	Chord	6/8	1	1	1/32			1/32	1	1775							
95	95	2271/8	0.125		15/32	15/32	Chord	6/8	1	1	1/32			1/32	1	1776							
95	95	284	0.125		1/2	1/2	Chord	6/8	1	1	1/32			1/32	1	1777							
95	95	2273/8	0.125		17/32	17/32	Chord	6/8	1	1	1/32			1/32	1	1778							
95	95	1137/4	0.125		9/16	9/16	Chord	6/8	1	1	1/32			1/32	1	1779							
95	95	2275/8	0.125		19/32	19/32	Chord	6/8	1	1	1/32			1/32	1	1780							
95	95	569/2	0.125		5/8	5/8	Chord	6/8	1	1	1/32			1/32	1	1781						191	
95	95	2277/8	0.125		21/32	21/32	Chord	6/8	1	1	1/32			1/32	1	1782						191	
95	95	1139/4	0.125		11/16	11/16	Chord	6/8	1	1	1/32			1/32	1	1783							
95	95	282	0.125		0	0	Chord	6/8	2	1	1/32			1/32	1	1784							
95	95	2257/8	0.125		1/32	1/32	Chord	6/8	2	1	1/32			1/32	1	1785							
95	95	1129/4	0.125		1/16	1/16	Chord	6/8	2	1	1/32			1/32	1	1786							
95	95	2259/8	0.125		3/32	3/32	Chord	6/8	2	1	1/32			1/32	1	1787							
95	95	565/2	0.125		1/8	1/8	Chord	6/8	2	1	1/32			1/32	1	1788							
95	95	2261/8	0.125		5/32	5/32	Chord	6/8	2	1	1/32			1/32	1	1789							
95	95	1131/4	0.0		3/16	3/16	Dynamic	6/8	2	1	0						p						
95	95	1131/4	0.125		3/16	3/16	Chord	6/8	2	1	1/32			1/32	1	1790							
95	95	2263/8	0.125		7/32	7/32	Chord	6/8	2	1	1/32			1/32	1	1791							
95	95	283	0.125		1/4	1/4	Chord	6/8	2	1	1/32			1/32	1	1792							
95	95	2265/8	0.125		9/32	9/32	Chord	6/8	2	1	1/32			1/32	1	1793							
95	95	1133/4	0.125		5/16	5/16	Chord	6/8	2	1	1/32			1/32	1	1794							
95	95	2267/8	0.125		11/32	11/32	Chord	6/8	2	1	1/32			1/32	1	1795							
95	95	567/2	0.5		3/8	3/8	Chord	6/8	2	1	1/8			1/8	1	1796							
96	96	285	0.0		0	0	Dynamic	6/8	1	1	0						f						
96	96	285	0.125		0	0	Chord	6/8	1	1	1/32			1/32	1	1797						192	
96	96	2281/8	0.125		1/32	1/32	Chord	6/8	1	1	1/32			1/32	1	1798							
96	96	1141/4	0.5		1/16	1/16	Chord	6/8	1	1	1/8			1/8	1	1799							
96	96	1143/4	0.0		3/16	3/16	Dynamic	6/8	1	1	0						p						
96	96	1143/4	0.25		3/16	3/16	Chord	6/8	1	1	1/16			1/16	1	1800						193	
96	96	286	0.25		1/4	1/4	Chord	6/8	1	1	1/16			1/16	1	1801						193	
96	96	1145/4	0.25		5/16	5/16	Chord	6/8	1	1	1/16			1/16	1	1802						193	
96	96	573/2	0.125		3/8	3/8	Chord	6/8	1	1	1/32			1/32	1	1803							
96	96	2293/8	0.125		13/32	13/32	Chord	6/8	1	1	1/32			1/32	1	1804							
96	96	1147/4	0.125		7/16	7/16	Chord	6/8	1	1	1/32			1/32	1	1805							
96	96	2295/8	0.125		15/32	15/32	Chord	6/8	1	1	1/32			1/32	1	1806							
96	96	287	0.125		1/2	1/2	Chord	6/8	1	1	1/32			1/32	1	1807							
96	96	2297/8	0.125		17/32	17/32	Chord	6/8	1	1	1/32			1/32	1	1808							
96	96	1149/4	0.125		9/16	9/16	Chord	6/8	1	1	1/32			1/32	1	1809							
96	96	2299/8	0.125		19/32	19/32	Chord	6/8	1	1	1/32			1/32	1	1810							
96	96	575/2	0.125		5/8	5/8	Chord	6/8	1	1	1/32			1/32	1	1811						194	
96	96	2301/8	0.125		21/32	21/32	Chord	6/8	1	1	1/32			1/32	1	1812						194	
96	96	1151/4	0.125		11/16	11/16	Chord	6/8	1	1	1/32			1/32	1	1813							
96	96	285	0.125		0	0	Chord	6/8	2	1	1/32			1/32	1	1814						195	
96	96	2281/8	0.125		1/32	1/32	Chord	6/8	2	1	1/32			1/32	1	1815							
96	96	1141/4	0.125		1/16	1/16	Chord	6/8	2	1	1/32			1/32	1	1816							
96	96	2283/8	0.125		3/32	3/32	Chord	6/8	2	1	1/32			1/32	1	1817							
96	96	571/2	0.125		1/8	1/8	Chord	6/8	2	1	1/32			1/32	1	1818							
96	96	2285/8	0.125		5/32	5/32	Chord	6/8	2	1	1/32			1/32	1	1819							
96	96	1143/4	0.125		3/16	3/16	Chord	6/8	2	1	1/32			1/32	1	1820							
96	96	2287/8	0.125		7/32	7/32	Chord	6/8	2	1	1/32			1/32	1	1821							
96	96	286	0.125		1/4	1/4	Chord	6/8	2	1	1/32			1/32	1	1822							
96	96	2289/8	0.125		9/32	9/32	Chord	6/8	2	1	1/32			1/32	1	1823							
96	96	1145/4	0.125		5/16	5/16	Chord	6/8	2	1	1/32			1/32	1	1824							
96	96	2291/8	0.125		11/32	11/32	Chord	6/8	2	1	1/32			1/32	1	1825							
96	96	573/2	0.5		3/8	3/8	Chord	6/8	2	1	1/8			1/8	1	1826							
97	97	288	0.125		0	0	Chord	6/8	1	1	1/32			1/32	1	1827						196	
97	97	2305/8	0.125		1/32	1/32	Chord	6/8	1	1	1/32			1/32	1	1828							
97	97	1153/4	0.25		1/16	1/16	Chord	6/8	1	1	1/16			1/16	1	1829							
97	97	577/2	0.125		1/8	1/8	Chord	6/8	1	1	1/32			1/32	1	1830							
97	97	2309/8	0.125		5/32	5/32	Chord	6/8	1	1	1/32			1/32	1	1831						197	
97	97	1155/4	0.125		3/16	3/16	Chord	6/8	1	1	1/32			1/32	1	1832						197	
97	97	2311/8	0.125		7/32	7/32	Chord	6/8	1	1	1/32			1/32	1	1833						197	
97	97	289	0.125		1/4	1/4	Chord	6/8	1	1	1/32			1/32	1	1834						197	
97	97	2313/8	0.125		9/32	9/32	Chord	6/8	1	1	1/32			1/32	1	1835						197	
97	97	1157/4	0.125		5/16	5/16	Chord	6/8	1	1	1/32			1/32	1	1836						197	
97	97	2315/8	0.125		11/32	11/32	Chord	6/8	1	1	1/32			1/32	1	1837							
97	97	579/2	0.125		3/8	3/8	Chord	6/8	1	1	1/32			1/32	1	1838						198	
97	97	2317/8	0.125		13/32	13/32	Chord	6/8	1	1	1/32			1/32	1	1839							
97	97	1159/4	0.125		7/16	7/16	Chord	6/8	1	1	1/32			1/32	1	1840							
97	97	2319/8	0.125		15/32	15/32	Chord	6/8	1	1	1/32			1/32	1	1841							
97	97	290	0.125		1/2	1/2	Chord	6/8	1	1	1/32			1/32	1	1842							
97	97	2321/8	0.125		17/32	17/32	Chord	6/8	1	1	1/32			1/32	1	1843							
97	97	1161/4	0.125		9/16	9/16	Chord	6/8	1	1	1/32			1/32	1	1844							
97	97	2323/8	0.125		19/32	19/32	Chord	6/8	1	1	1/32			1/32	1	1845							
97	97	581/2	0.125		5/8	5/8	Chord	6/8	1	1	1/32			1/32	1	1846						199	
97	97	2325/8	0.125		21/32	21/32	Chord	6/8	1	1	1/32			1/32	1	1847						199	
97	97	1163/4	0.125		11/16	11/16	Chord	6/8	1	1	1/32			1/32	1	1848						199	
97	97	2327/8	0.125		23/32	23/32	Chord	6/8	1	1	1/32			1/32	1	1849							
97	97	577/2	0.5		1/8	1/8	Chord	6/8	2	1	1/8			1/8	1	1850							
97	97	289	0.5		1/4	1/4	Chord	6/8	2	1	1/8			1/8	1	1851							
97	97	579/2	0.5		3/8	3/8	Chord	6/8	2	1	1/8			1/8	1	1852							
97	97	581/2	0.5		5/8	5/8	Chord	6/8	2	1	1/8			1/8	1	1853							
98	98		0.375	1	0	0	Chord	6/8	1	1	3/32			1/16	3/2	1854						200	
98	98		0.0	1	3/32	3/32	Chord	6/8	1	1	0	grace32		1/32	1	1855							
98	98		0.0	1	3/32	3/32	Chord	6/8	1	1	0	grace32		1/32	1	1856							
98	98		0.0	1	3/32	3/32	Chord	6/8	1	1	0	grace32		1/32	1	1857							
98	98		0.0	1	3/32	3/32	Chord	6/8	1	1	0	grace32		1/32	1	1858							
98	98		0.125	1	3/32	3/32	Chord	6/8	1	1	1/32			1/32	1	1859							
98	98		0.75	1	1/8	1/8	Chord	6/8	1	1	3/16			1/8	3/2	1860						201	
98	98		0.125	1	5/16	5/16	Chord	6/8	1	1	1/32			1/32	1	1861						201	
98	98		0.125	1	11/32	11/32	Chord	6/8	1	1	1/32			1/32	1	1862							
98	98		0.5	1	3/8	3/8	Chord	6/8	1	1	1/8			1/8	1	1863						202	
98	98		0.25	1	1/2	1/2	Chord	6/8	1	1	1/16			1/16	1	1864							
98	98		0.0625	1	39/64	39/64	Chord	6/8	1	1	1/64			1/64	1	1865							
98	98		0.0625	1	5/8	5/8	Chord	6/8	1	1	1/64			1/64	1	1866						203	
98	98		0.0625	1	41/64	41/64	Chord	6/8	1	1	1/64			1/64	1	1867						203	
98	98		0.0625	1	21/32	21/32	Chord	6/8	1	1	1/64			1/64	1	1868						203	
98	98		0.0625	1	43/64	43/64	Chord	6/8	1	1	1/64			1/64	1	1869						203	
98	98		0.0625	1	11/16	11/16	Chord	6/8	1	1	1/64			1/64	1	1870						203	
98	98		0.0625	1	45/64	45/64	Chord	6/8	1	1	1/64			1/64	1	1871						203	
98	98		0.0625	1	23/32	23/32	Chord	6/8	1	1	1/64			1/64	1	1872						203	
98	98		0.0625	1	47/64	47/64	Chord	6/8	1	1	1/64			1/64	1	1873							
98	98		0.75	1	1/8	1/8	Chord	6/8	1	2	3/16			1/8	3/2	1874							
98	98		0.25	1	5/16	5/16	Chord	6/8	1	2	1/16			1/16	1	1875							
98	98		1.0	1	3/8	3/8	Chord	6/8	1	2	1/4			1/4	1	1876							
98	98		1.0	1	0	0	Chord	6/8	2	1	1/4			1/4	1	1877							
98	98		0.5	1	1/4	1/4	Chord	6/8	2	1	1/8			1/8	1	1878							
98	98		0.5	1	3/8	3/8	Chord	6/8	2	1	1/8			1/8	1	1879						204	
98	98		0.5	1	1/2	1/2	Chord	6/8	2	1	1/8			1/8	1	1880							
98	98		1.5	1	0	0	Chord	6/8	2	2	3/8			1/4	3/2	1881							
98	98		1.0	1	3/8	3/8	Chord	6/8	2	2	1/4			1/4	1	1882							
99	98	291	0.375	2	0	0	Chord	6/8	1	1	3/32			1/16	3/2	1883						205	
99	98	2331/8	0.0	2	3/32	3/32	Chord	6/8	1	1	0	grace32		1/32	1	1884							
99	98	2331/8	0.0	2	3/32	3/32	Chord	6/8	1	1	0	grace32		1/32	1	1885							
99	98	2331/8	0.0	2	3/32	3/32	Chord	6/8	1	1	0	grace32		1/32	1	1886							
99	98	2331/8	0.0	2	3/32	3/32	Chord	6/8	1	1	0	grace32		1/32	1	1887							
99	98	2331/8	0.125	2	3/32	3/32	Chord	6/8	1	1	1/32			1/32	1	1888							
99	98	583/2	0.75	2	1/8	1/8	Chord	6/8	1	1	3/16			1/8	3/2	1889						206	
99	98	1169/4	0.125	2	5/16	5/16	Chord	6/8	1	1	1/32			1/32	1	1890						206	
99	98	2339/8	0.125	2	11/32	11/32	Chord	6/8	1	1	1/32			1/32	1	1891							
99	98	585/2	0.5	2	3/8	3/8	Chord	6/8	1	1	1/8			1/8	1	1892						207	
99	98	293	0.375	2	1/2	1/2	Chord	6/8	1	1	3/32			1/16	3/2	1893							
99	98	2347/8	0.0	2	19/32	19/32	Chord	6/8	1	1	0	grace32		1/32	1	1894							
99	98	2347/8	0.0	2	19/32	19/32	Chord	6/8	1	1	0	grace32		1/32	1	1895							
99	98	2347/8	0.0	2	19/32	19/32	Chord	6/8	1	1	0	grace32		1/32	1	1896							
99	98	2347/8	0.0	2	19/32	19/32	Chord	6/8	1	1	0	grace32		1/32	1	1897							
99	98	2347/8	0.125	2	19/32	19/32	Chord	6/8	1	1	1/32			1/32	1	1898							
99	98	587/2	0.375	2	5/8	5/8	Chord	6/8	1	1	3/32			1/16	3/2	1899							
99	98	2351/8	0.0	2	23/32	23/32	Chord	6/8	1	1	0	grace32		1/32	1	1900							
99	98	2351/8	0.0	2	23/32	23/32	Chord	6/8	1	1	0	grace32		1/32	1	1901							
99	98	2351/8	0.0	2	23/32	23/32	Chord	6/8	1	1	0	grace32		1/32	1	1902							
99	98	2351/8	0.0	2	23/32	23/32	Chord	6/8	1	1	0	grace32		1/32	1	1903							
99	98	2351/8	0.125	2	23/32	23/32	Chord	6/8	1	1	1/32			1/32	1	1904							
99	98	583/2	0.75	2	1/8	1/8	Chord	6/8	1	2	3/16			1/8	3/2	1905							
99	98	1169/4	0.25	2	5/16	5/16	Chord	6/8	1	2	1/16			1/16	1	1906							
99	98	291	1.0	2	0	0	Chord	6/8	2	1	1/4			1/4	1	1907							
99	98	292	0.5	2	1/4	1/4	Chord	6/8	2	1	1/8			1/8	1	1908							
99	98	585/2	0.5	2	3/8	3/8	Chord	6/8	2	1	1/8			1/8	1	1909						208	
99	98	293	0.5	2	1/2	1/2	Chord	6/8	2	1	1/8			1/8	1	1910							
99	98	291	1.5	2	0	0	Chord	6/8	2	2	3/8			1/4	3/2	1911							
99	98	585/2	1.0	2	3/8	3/8	Chord	6/8	2	2	1/4			1/4	1	1912							
100	99	294	0.375		0	0	Chord	6/8	1	1	3/32			1/16	3/2	1913						209	
100	99	2355/8	0.0625		3/32	3/32	Chord	6/8	1	1	1/64			1/64	1	1914						209	
100	99	4711/16	0.0625		7/64	7/64	Chord	6/8	1	1	1/64			1/64	1	1915						209	
100	99	589/2	0.25		1/8	1/8	Chord	6/8	1	1	1/16			1/16	1	1916							
100	99	1179/4	0.25		3/16	3/16	Chord	6/8	1	1	1/16			1/16	1	1917							
100	99	295	0.25		1/4	1/4	Chord	6/8	1	1	1/16			1/16	1	1918							
100	99	1181/4	0.25		5/16	5/16	Chord	6/8	1	1	1/16			1/16	1	1919							
100	99	591/2	0.375		3/8	3/8	Chord	6/8	1	1	3/32			1/16	3/2	1920						210	
100	99	2367/8	0.125		15/32	15/32	Chord	6/8	1	1	1/32			1/32	1	1921							
100	99	296	0.5		1/2	1/2	Chord	6/8	1	1	1/8			1/8	1	1922							
100	99	593/2	0.5		5/8	5/8	Chord	6/8	1	1	1/8			1/8	1	1923							
100	99	294	0.125		0	0	Chord	6/8	2	1	1/32			1/32	1	1924						211	
100	99	2353/8	0.125		1/32	1/32	Chord	6/8	2	1	1/32			1/32	1	1925						211	
100	99	1177/4	0.125		1/16	1/16	Chord	6/8	2	1	1/32			1/32	1	1926						211	
100	99	2355/8	0.125		3/32	3/32	Chord	6/8	2	1	1/32			1/32	1	1927						211	
100	99	589/2	0.125		1/8	1/8	Chord	6/8	2	1	1/32			1/32	1	1928						211	
100	99	2357/8	0.125		5/32	5/32	Chord	6/8	2	1	1/32			1/32	1	1929						211	
100	99	1179/4	0.125		3/16	3/16	Chord	6/8	2	1	1/32			1/32	1	1930						211	
100	99	2359/8	0.125		7/32	7/32	Chord	6/8	2	1	1/32			1/32	1	1931						211	
100	99	295	0.125		1/4	1/4	Chord	6/8	2	1	1/32			1/32	1	1932						211	
100	99	2361/8	0.125		9/32	9/32	Chord	6/8	2	1	1/32			1/32	1	1933						211	
100	99	1181/4	0.125		5/16	5/16	Chord	6/8	2	1	1/32			1/32	1	1934						211	
100	99	2363/8	0.125		11/32	11/32	Chord	6/8	2	1	1/32			1/32	1	1935							
100	99	591/2	0.125		3/8	3/8	Chord	6/8	2	1	1/32			1/32	1	1936						212	
100	99	2365/8	0.125		13/32	13/32	Chord	6/8	2	1	1/32			1/32	1	1937						212	
100	99	1183/4	0.125		7/16	7/16	Chord	6/8	2	1	1/32			1/32	1	1938						212	
100	99	2367/8	0.125		15/32	15/32	Chord	6/8	2	1	1/32			1/32	1	1939							
100	99	296	0.0		1/2	1/2	StaffText	6/8	2	1	0								simile				
100	99	296	0.125		1/2	1/2	Chord	6/8	2	1	1/32			1/32	1	1940							
100	99	2369/8	0.125		17/32	17/32	Chord	6/8	2	1	1/32			1/32	1	1941							
100	99	1185/4	0.125		9/16	9/16	Chord	6/8	2	1	1/32			1/32	1	1942							
100	99	2371/8	0.125		19/32	19/32	Chord	6/8	2	1	1/32			1/32	1	1943							
100	99	593/2	0.125		5/8	5/8	Chord	6/8	2	1	1/32			1/32	1	1944							
100	99	2373/8	0.125		21/32	21/32	Chord	6/8	2	1	1/32			1/32	1	1945							
100	99	1187/4	0.125		11/16	11/16	Chord	6/8	2	1	1/32			1/32	1	1946							
100	99	2375/8	0.125		23/32	23/32	Chord	6/8	2	1	1/32			1/32	1	1947							
101	100	297	0.0625		0	0	Chord	6/8	1	1	1/64			1/64	1	1948						213	
101	100	4753/16	0.0625		1/64	1/64	Chord	6/8	1	1	1/64			1/64	1	1949						213	
101	100	2377/8	0.0625		1/32	1/32	Chord	6/8	1	1	1/64			1/64	1	1950						213	
101	100	4755/16	0.0625		3/64	3/64	Chord	6/8	1	1	1/64			1/64	1	1951						213	
101	100	1189/4	0.0625		1/16	1/16	Chord	6/8	1	1	1/64			1/64	1	1952						213	
101	100	4757/16	0.0625		5/64	5/64	Chord	6/8	1	1	1/64			1/64	1	1953						213	
101	100	2379/8	0.0625		3/32	3/32	Chord	6/8	1	1	1/64			1/64	1	1954						213	
101	100	4759/16	0.0625		7/64	7/64	Chord	6/8	1	1	1/64			1/64	1	1955						213	
101	100	595/2	0.0625		1/8	1/8	Chord	6/8	1	1	1/64			1/64	1	1956						213	
101	100	4761/16	0.0625		9/64	9/64	Chord	6/8	1	1	1/64			1/64	1	1957						213	
101	100	2381/8	0.0625		5/32	5/32	Chord	6/8	1	1	1/64			1/64	1	1958						213	
101	100	4763/16	0.0625		11/64	11/64	Chord	6/8	1	1	1/64			1/64	1	1959						213	
101	100	1191/4	0.08333333333333333		3/16	3/16	Chord	6/8	1	1	1/48			1/32	2/3	1960							
101	100	1787/6	0.08333333333333333		5/24	5/24	Chord	6/8	1	1	1/48			1/32	2/3	1961							
101	100	3575/12	0.08333333333333333		11/48	11/48	Chord	6/8	1	1	1/48			1/32	2/3	1962							
101	100	298	0.125		1/4	1/4	Chord	6/8	1	1	1/32			1/32	1	1963							
101	100	2385/8	0.125		9/32	9/32	Chord	6/8	1	1	1/32			1/32	1	1964							
101	100	1193/4	0.1875		5/16	5/16	Chord	6/8	1	1	3/64			1/32	3/2	1965							
101	100	4775/16	0.0625		23/64	23/64	Chord	6/8	1	1	1/64			1/64	1	1966							
101	100	597/2	0.375		3/8	3/8	Chord	6/8	1	1	3/32			1/16	3/2	1967						214	
101	100	2391/8	0.125		15/32	15/32	Chord	6/8	1	1	1/32			1/32	1	1968							
101	100	299	0.25		1/2	1/2	Chord	6/8	1	1	1/16			1/16	1	1969							
101	100	1197/4	0.25		9/16	9/16	Chord	6/8	1	1	1/16			1/16	1	1970						215	
101	100	599/2	0.25		5/8	5/8	Chord	6/8	1	1	1/16			1/16	1	1971						215	
101	100	1199/4	0.25		11/16	11/16	Chord	6/8	1	1	1/16			1/16	1	1972							
101	100	297	0.125		0	0	Chord	6/8	2	1	1/32			1/32	1	1973							
101	100	2377/8	0.125		1/32	1/32	Chord	6/8	2	1	1/32			1/32	1	1974							
101	100	1189/4	0.125		1/16	1/16	Chord	6/8	2	1	1/32			1/32	1	1975							
101	100	2379/8	0.125		3/32	3/32	Chord	6/8	2	1	1/32			1/32	1	1976							
101	100	595/2	0.125		1/8	1/8	Chord	6/8	2	1	1/32			1/32	1	1977							
101	100	2381/8	0.125		5/32	5/32	Chord	6/8	2	1	1/32			1/32	1	1978							
101	100	1191/4	0.125		3/16	3/16	Chord	6/8	2	1	1/32			1/32	1	1979							
101	100	2383/8	0.125		7/32	7/32	Chord	6/8	2	1	1/32			1/32	1	1980							
101	100	298	0.125		1/4	1/4	Chord	6/8	2	1	1/32			1/32	1	1981							
101	100	2385/8	0.125		9/32	9/32	Chord	6/8	2	1	1/32			1/32	1	1982							
101	100	1193/4	0.125		5/16	5/16	Chord	6/8	2	1	1/32			1/32	1	1983							
101	100	2387/8	0.125		11/32	11/32	Chord	6/8	2	1	1/32			1/32	1	1984							
101	100	597/2	0.5		3/8	3/8	Chord	6/8	2	1	1/8			1/8	1	1985						216	
101	100	299	0.5		1/2	1/2	Chord	6/8	2	1	1/8			1/8	1	1986							
102	101	300	0.125		0	0	Chord	6/8	1	1	1/32			1/32	1	1987						217	
102	101	2401/8	0.0		1/32	1/32	Dynamic	6/8	1	1	0						sfp					217	
102	101	2401/8	0.125		1/32	1/32	Chord	6/8	1	1	1/32			1/32	1	1988						217	
102	101	1201/4	0.125		1/16	1/16	Chord	6/8	1	1	1/32			1/32	1	1989							
102	101	2403/8	0.125		3/32	3/32	Chord	6/8	1	1	1/32			1/32	1	1990							
102	101	601/2	0.25		1/8	1/8	Chord	6/8	1	1	1/16			1/16	1	1991							
102	101	1203/4	0.25		3/16	3/16	Chord	6/8	1	1	1/16			1/16	1	1992						218	
102	101	301	0.25		1/4	1/4	Chord	6/8	1	1	1/16			1/16	1	1993						218	
102	101	1205/4	0.25		5/16	5/16	Chord	6/8	1	1	1/16			1/16	1	1994							
102	101	603/2	0.125		3/8	3/8	Chord	6/8	1	1	1/32			1/32	1	1995						219	
102	101	2413/8	0.125		13/32	13/32	Chord	6/8	1	1	1/32			1/32	1	1996						219	
102	101	1207/4	0.125		7/16	7/16	Chord	6/8	1	1	1/32			1/32	1	1997						219	
102	101	2415/8	0.125		15/32	15/32	Chord	6/8	1	1	1/32			1/32	1	1998						219	
102	101	302	0.25		1/2	1/2	Chord	6/8	1	1	1/16			1/16	1	1999							
102	101	1209/4	0.25		9/16	9/16	Chord	6/8	1	1	1/16			1/16	1	2000						220	
102	101	605/2	0.25		5/8	5/8	Chord	6/8	1	1	1/16			1/16	1	2001						220	
102	101	1211/4	0.25		11/16	11/16	Chord	6/8	1	1	1/16			1/16	1	2002							
102	101	300	1.5		0	0	Chord	6/8	2	1	3/8			1/4	3/2	2003							
102	101	603/2	0.0		3/8	3/8	Dynamic	6/8	2	1	0						sfp						
102	101	603/2	1.5		3/8	3/8	Chord	6/8	2	1	3/8			1/4	3/2	2004							
103	102	303	0.125		0	0	Chord	6/8	1	1	1/32			1/32	1	2005						221	
103	102	2425/8	0.125		1/32	1/32	Chord	6/8	1	1	1/32			1/32	1	2006						221	
103	102	1213/4	0.125		1/16	1/16	Chord	6/8	1	1	1/32			1/32	1	2007						221	
103	102	2427/8	0.125		3/32	3/32	Chord	6/8	1	1	1/32			1/32	1	2008							
103	102	607/2	0.125		1/8	1/8	Chord	6/8	1	1	1/32			1/32	1	2009						222	
103	102	2429/8	0.125		5/32	5/32	Chord	6/8	1	1	1/32			1/32	1	2010						222	
103	102	1215/4	0.125		3/16	3/16	Chord	6/8	1	1	1/32			1/32	1	2011						222	
103	102	2431/8	0.125		7/32	7/32	Chord	6/8	1	1	1/32			1/32	1	2012							
103	102	304	0.125		1/4	1/4	Chord	6/8	1	1	1/32			1/32	1	2013						223	
103	102	2433/8	0.125		9/32	9/32	Chord	6/8	1	1	1/32			1/32	1	2014						223	
103	102	1217/4	0.125		5/16	5/16	Chord	6/8	1	1	1/32			1/32	1	2015						223	
103	102	2435/8	0.125		11/32	11/32	Chord	6/8	1	1	1/32			1/32	1	2016							
103	102	609/2	0.5		3/8	3/8	Chord	6/8	1	1	1/8			1/8	1	2017						224	
103	102	305	0.125		1/2	1/2	Chord	6/8	1	1	1/32			1/32	1	2018							
103	102	2441/8	0.125		17/32	17/32	Chord	6/8	1	1	1/32			1/32	1	2019						225	
103	102	1221/4	0.125		9/16	9/16	Chord	6/8	1	1	1/32			1/32	1	2020						225	
103	102	2443/8	0.125		19/32	19/32	Chord	6/8	1	1	1/32			1/32	1	2021						225	
103	102	611/2	0.125		5/8	5/8	Chord	6/8	1	1	1/32			1/32	1	2022						225	
103	102	2445/8	0.125		21/32	21/32	Chord	6/8	1	1	1/32			1/32	1	2023						225	
103	102	1223/4	0.125		11/16	11/16	Chord	6/8	1	1	1/32			1/32	1	2024						225	
103	102	2447/8	0.125		23/32	23/32	Chord	6/8	1	1	1/32			1/32	1	2025							
103	102	303	0.0		0	0	Dynamic	6/8	2	1	0						sfp						
103	102	303	0.5		0	0	Chord	6/8	2	1	1/8			1/8	1	2026							
103	102	607/2	0.0		1/8	1/8	Dynamic	6/8	2	1	0						sfp						
103	102	607/2	0.5		1/8	1/8	Chord	6/8	2	1	1/8			1/8	1	2027							
103	102	304	0.0		1/4	1/4	Dynamic	6/8	2	1	0						sfp						
103	102	304	0.5		1/4	1/4	Chord	6/8	2	1	1/8			1/8	1	2028							
103	102	609/2	0.5		3/8	3/8	Chord	6/8	2	1	1/8			1/8	1	2029						226	
103	102	305	0.5		1/2	1/2	Chord	6/8	2	1	1/8			1/8	1	2030							
103	102	609/2	1.0		3/8	3/8	Chord	6/8	2	2	1/4			1/4	1	2031							
104	103	306	0.5		0	0	Chord	6/8	1	1	1/8			1/8	1	2032							
104	103	613/2	0.75		1/8	1/8	Chord	6/8	1	1	3/16			1/8	3/2	2033						227	
104	103	1229/4	0.0		5/16	5/16	Chord	6/8	1	1	0	grace32		1/32	1	2034							
104	103	1229/4	0.0		5/16	5/16	Chord	6/8	1	1	0	grace32		1/32	1	2035							
104	103	1229/4	0.0		5/16	5/16	Chord	6/8	1	1	0	grace32		1/32	1	2036							
104	103	1229/4	0.0		5/16	5/16	Chord	6/8	1	1	0	grace32		1/32	1	2037							
104	103	1229/4	0.25		5/16	5/16	Chord	6/8	1	1	1/16			1/16	1	2038							
104	103	615/2	0.25		3/8	3/8	Chord	6/8	1	1	1/16			1/16	1	2039						228	
104	103	1231/4	0.125		7/16	7/16	Chord	6/8	1	1	1/32			1/32	1	2040							
104	103	308	0.25		1/2	1/2	Chord	6/8	1	1	1/16			1/16	1	2041						229	
104	103	1233/4	0.125		9/16	9/16	Chord	6/8	1	1	1/32			1/32	1	2042							
104	103	4935/16	0.0625		39/64	39/64	Chord	6/8	1	1	1/64			1/64	1	2043							
104	103	617/2	0.125		5/8	5/8	Chord	6/8	1	1	1/32			1/32	1	2044						230	
104	103	2469/8	0.125		21/32	21/32	Chord	6/8	1	1	1/32			1/32	1	2045						230	
104	103	1235/4	0.125		11/16	11/16	Chord	6/8	1	1	1/32			1/32	1	2046						230	
104	103	2471/8	0.125		23/32	23/32	Chord	6/8	1	1	1/32			1/32	1	2047							
104	103	306	0.125		0	0	Chord	6/8	2	1	1/32			1/32	1	2048						231	
104	103	2449/8	0.125		1/32	1/32	Chord	6/8	2	1	1/32			1/32	1	2049						231	
104	103	1225/4	0.125		1/16	1/16	Chord	6/8	2	1	1/32			1/32	1	2050						231	
104	103	2451/8	0.125		3/32	3/32	Chord	6/8	2	1	1/32			1/32	1	2051						231	
104	103	613/2	0.125		1/8	1/8	Chord	6/8	2	1	1/32			1/32	1	2052						231	
104	103	2453/8	0.125		5/32	5/32	Chord	6/8	2	1	1/32			1/32	1	2053						231	
104	103	1227/4	0.125		3/16	3/16	Chord	6/8	2	1	1/32			1/32	1	2054						231	
104	103	2455/8	0.125		7/32	7/32	Chord	6/8	2	1	1/32			1/32	1	2055						231	
104	103	307	0.125		1/4	1/4	Chord	6/8	2	1	1/32			1/32	1	2056						231	
104	103	2457/8	0.125		9/32	9/32	Chord	6/8	2	1	1/32			1/32	1	2057						231	
104	103	1229/4	0.125		5/16	5/16	Chord	6/8	2	1	1/32			1/32	1	2058						231	
104	103	2459/8	0.125		11/32	11/32	Chord	6/8	2	1	1/32			1/32	1	2059						231	
104	103	615/2	0.125		3/8	3/8	Chord	6/8	2	1	1/32			1/32	1	2060						231	
104	103	2461/8	0.125		13/32	13/32	Chord	6/8	2	1	1/32			1/32	1	2061						231	
104	103	1231/4	0.125		7/16	7/16	Chord	6/8	2	1	1/32			1/32	1	2062						231	
104	103	2463/8	0.125		15/32	15/32	Chord	6/8	2	1	1/32			1/32	1	2063						231	
104	103	308	0.125		1/2	1/2	Chord	6/8	2	1	1/32			1/32	1	2064						231	
104	103	2465/8	0.125		17/32	17/32	Chord	6/8	2	1	1/32			1/32	1	2065						231	
104	103	1233/4	0.125		9/16	9/16	Chord	6/8	2	1	1/32			1/32	1	2066						231	
104	103	2467/8	0.125		19/32	19/32	Chord	6/8	2	1	1/32			1/32	1	2067						231	
104	103	617/2	0.125		5/8	5/8	Chord	6/8	2	1	1/32			1/32	1	2068						231	
104	103	2469/8	0.125		21/32	21/32	Chord	6/8	2	1	1/32			1/32	1	2069						231	
104	103	1235/4	0.125		11/16	11/16	Chord	6/8	2	1	1/32			1/32	1	2070						231	
104	103	2471/8	0.125		23/32	23/32	Chord	6/8	2	1	1/32			1/32	1	2071							
105	104	309	0.25		0	0	Chord	6/8	1	1	1/16			1/16	1	2072						232	
105	104	1237/4	0.5		1/16	1/16	Chord	6/8	1	1	1/8			1/8	1	2073							
105	104	1239/4	0.5		3/16	3/16	Chord	6/8	1	1	1/8			1/8	1	2074							
105	104	1241/4	0.0		5/16	5/16	Chord	6/8	1	1	0	grace32		1/32	1	2075							
105	104	1241/4	0.0		5/16	5/16	Chord	6/8	1	1	0	grace32		1/32	1	2076							
105	104	1241/4	0.0		5/16	5/16	Chord	6/8	1	1	0	grace32		1/32	1	2077							
105	104	1241/4	0.125		5/16	5/16	Chord	6/8	1	1	1/32			1/32	1	2078							
105	104	2483/8	0.125		11/32	11/32	Chord	6/8	1	1	1/32			1/32	1	2079							
105	104	621/2	0.25		3/8	3/8	Chord	6/8	1	1	1/16			1/16	1	2080						233	
105	104	1243/4	0.125		7/16	7/16	Chord	6/8	1	1	1/32			1/32	1	2081							
105	104	311	0.25		1/2	1/2	Chord	6/8	1	1	1/16			1/16	1	2082						234	
105	104	1245/4	0.125		9/16	9/16	Chord	6/8	1	1	1/32			1/32	1	2083							
105	104	4983/16	0.0625		39/64	39/64	Chord	6/8	1	1	1/64			1/64	1	2084							
105	104	623/2	0.125		5/8	5/8	Chord	6/8	1	1	1/32			1/32	1	2085						235	
105	104	2493/8	0.125		21/32	21/32	Chord	6/8	1	1	1/32			1/32	1	2086						235	
105	104	1247/4	0.125		11/16	11/16	Chord	6/8	1	1	1/32			1/32	1	2087						235	
105	104	2495/8	0.125		23/32	23/32	Chord	6/8	1	1	1/32			1/32	1	2088							
105	104	309	0.125		0	0	Chord	6/8	2	1	1/32			1/32	1	2089						236	
105	104	2473/8	0.125		1/32	1/32	Chord	6/8	2	1	1/32			1/32	1	2090						236	
105	104	1237/4	0.125		1/16	1/16	Chord	6/8	2	1	1/32			1/32	1	2091						236	
105	104	2475/8	0.125		3/32	3/32	Chord	6/8	2	1	1/32			1/32	1	2092						236	
105	104	619/2	0.125		1/8	1/8	Chord	6/8	2	1	1/32			1/32	1	2093						236	
105	104	2477/8	0.125		5/32	5/32	Chord	6/8	2	1	1/32			1/32	1	2094						236	
105	104	1239/4	0.125		3/16	3/16	Chord	6/8	2	1	1/32			1/32	1	2095						236	
105	104	2479/8	0.125		7/32	7/32	Chord	6/8	2	1	1/32			1/32	1	2096						236	
105	104	310	0.125		1/4	1/4	Chord	6/8	2	1	1/32			1/32	1	2097						236	
105	104	2481/8	0.125		9/32	9/32	Chord	6/8	2	1	1/32			1/32	1	2098						236	
105	104	1241/4	0.125		5/16	5/16	Chord	6/8	2	1	1/32			1/32	1	2099						236	
105	104	2483/8	0.125		11/32	11/32	Chord	6/8	2	1	1/32			1/32	1	2100						236	
105	104	621/2	0.125		3/8	3/8	Chord	6/8	2	1	1/32			1/32	1	2101						236	
105	104	2485/8	0.125		13/32	13/32	Chord	6/8	2	1	1/32			1/32	1	2102						236	
105	104	1243/4	0.125		7/16	7/16	Chord	6/8	2	1	1/32			1/32	1	2103						236	
105	104	2487/8	0.125		15/32	15/32	Chord	6/8	2	1	1/32			1/32	1	2104						236	
105	104	311	0.125		1/2	1/2	Chord	6/8	2	1	1/32			1/32	1	2105						236	
105	104	2489/8	0.125		17/32	17/32	Chord	6/8	2	1	1/32			1/32	1	2106						236	
105	104	1245/4	0.125		9/16	9/16	Chord	6/8	2	1	1/32			1/32	1	2107						236	
105	104	2491/8	0.125		19/32	19/32	Chord	6/8	2	1	1/32			1/32	1	2108						236	
105	104	623/2	0.125		5/8	5/8	Chord	6/8	2	1	1/32			1/32	1	2109						236	
105	104	2493/8	0.125		21/32	21/32	Chord	6/8	2	1	1/32			1/32	1	2110						236	
105	104	1247/4	0.125		11/16	11/16	Chord	6/8	2	1	1/32			1/32	1	2111						236	
105	104	2495/8	0.125		23/32	23/32	Chord	6/8	2	1	1/32			1/32	1	2112							
106	105	312	0.25		0	0	Chord	6/8	1	1	1/16			1/16	1	2113						237	
106	105	1249/4	0.25		1/16	1/16	Chord	6/8	1	1	1/16			1/16	1	2114							
106	105	625/2	0.125		1/8	1/8	Chord	6/8	1	1	1/32			1/32	1	2115							
106	105	2501/8	0.125		5/32	5/32	Chord	6/8	1	1	1/32			1/32	1	2116						238	
106	105	1251/4	0.125		3/16	3/16	Chord	6/8	1	1	1/32			1/32	1	2117						238	
106	105	2503/8	0.125		7/32	7/32	Chord	6/8	1	1	1/32			1/32	1	2118							
106	105	313	0.125		1/4	1/4	Chord	6/8	1	1	1/32			1/32	1	2119						239	
106	105	2505/8	0.125		9/32	9/32	Chord	6/8	1	1	1/32			1/32	1	2120						239	
106	105	1253/4	0.125		5/16	5/16	Chord	6/8	1	1	1/32			1/32	1	2121						239	
106	105	2507/8	0.125		11/32	11/32	Chord	6/8	1	1	1/32			1/32	1	2122							
106	105	627/2	0.125		3/8	3/8	Chord	6/8	1	1	1/32			1/32	1	2123						240	
106	105	2509/8	0.125		13/32	13/32	Chord	6/8	1	1	1/32			1/32	1	2124						240	
106	105	1255/4	0.125		7/16	7/16	Chord	6/8	1	1	1/32			1/32	1	2125							
106	105	2511/8	0.125		15/32	15/32	Chord	6/8	1	1	1/32			1/32	1	2126							
106	105	314	0.125		1/2	1/2	Chord	6/8	1	1	1/32			1/32	1	2127						241	
106	105	2513/8	0.125		17/32	17/32	Chord	6/8	1	1	1/32			1/32	1	2128						241	
106	105	1257/4	0.125		9/16	9/16	Chord	6/8	1	1	1/32			1/32	1	2129						241	
106	105	2515/8	0.125		19/32	19/32	Chord	6/8	1	1	1/32			1/32	1	2130							
106	105	629/2	0.125		5/8	5/8	Chord	6/8	1	1	1/32			1/32	1	2131						242	
106	105	2517/8	0.125		21/32	21/32	Chord	6/8	1	1	1/32			1/32	1	2132						242	
106	105	1259/4	0.125		11/16	11/16	Chord	6/8	1	1	1/32			1/32	1	2133						242	
106	105	2519/8	0.125		23/32	23/32	Chord	6/8	1	1	1/32			1/32	1	2134							
106	105	312	0.125		0	0	Chord	6/8	2	1	1/32			1/32	1	2135						243	
106	105	2497/8	0.125		1/32	1/32	Chord	6/8	2	1	1/32			1/32	1	2136						243	
106	105	1249/4	0.125		1/16	1/16	Chord	6/8	2	1	1/32			1/32	1	2137						243	
106	105	2499/8	0.125		3/32	3/32	Chord	6/8	2	1	1/32			1/32	1	2138						243	
106	105	625/2	0.125		1/8	1/8	Chord	6/8	2	1	1/32			1/32	1	2139						243	
106	105	2501/8	0.125		5/32	5/32	Chord	6/8	2	1	1/32			1/32	1	2140						243	
106	105	1251/4	0.125		3/16	3/16	Chord	6/8	2	1	1/32			1/32	1	2141						243	
106	105	2503/8	0.125		7/32	7/32	Chord	6/8	2	1	1/32			1/32	1	2142						243	
106	105	313	0.125		1/4	1/4	Chord	6/8	2	1	1/32			1/32	1	2143						243	
106	105	2505/8	0.125		9/32	9/32	Chord	6/8	2	1	1/32			1/32	1	2144						243	
106	105	1253/4	0.125		5/16	5/16	Chord	6/8	2	1	1/32			1/32	1	2145						243	
106	105	2507/8	0.125		11/32	11/32	Chord	6/8	2	1	1/32			1/32	1	2146							
106	105	627/2	0.5		3/8	3/8	Chord	6/8	2	1	1/8			1/8	1	2147							
106	105	629/2	0.5		5/8	5/8	Chord	6/8	2	1	1/8			1/8	1	2148							
107	106	315	0.375		0	0	Chord	6/8	1	1	3/32			1/16	3/2	2149						244	
107	106	2523/8	0.0		3/32	3/32	Chord	6/8	1	1	0	grace32		1/32	1	2150							
107	106	2523/8	0.0		3/32	3/32	Chord	6/8	1	1	0	grace32		1/32	1	2151							
107	106	2523/8	0.0		3/32	3/32	Chord	6/8	1	1	0	grace32		1/32	1	2152							
107	106	2523/8	0.0		3/32	3/32	Chord	6/8	1	1	0	grace32		1/32	1	2153							
107	106	2523/8	0.125		3/32	3/32	Chord	6/8	1	1	1/32			1/32	1	2154							
107	106	631/2	0.75		1/8	1/8	Chord	6/8	1	1	3/16			1/8	3/2	2155						245	
107	106	1265/4	0.25		5/16	5/16	Chord	6/8	1	1	1/16			1/16	1	2156							
107	106	633/2	0.75		3/8	3/8	Chord	6/8	1	1	3/16			1/8	3/2	2157						246	
107	106	1269/4	0.25		9/16	9/16	Chord	6/8	1	1	1/16			1/16	1	2158						246	
107	106	635/2	0.5		5/8	5/8	Chord	6/8	1	1	1/8			1/8	1	2159							
107	106	633/2	0.0		3/8	3/8	Dynamic	6/8	1	2	0						fp						
107	106	633/2	1.0		3/8	3/8	Chord	6/8	1	2	1/4			1/4	1	2160						247	
107	106	635/2	0.5		5/8	5/8	Chord	6/8	1	2	1/8			1/8	1	2161							
107	106	315	1.0		0	0	Chord	6/8	2	1	1/4			1/4	1	2162							
107	106	316	0.5		1/4	1/4	Chord	6/8	2	1	1/8			1/8	1	2163							
107	106	633/2	1.0		3/8	3/8	Chord	6/8	2	1	1/4			1/4	1	2164						248	
107	106	635/2	0.5		5/8	5/8	Chord	6/8	2	1	1/8			1/8	1	2165							
107	106	315	1.5		0	0	Chord	6/8	2	2	3/8			1/4	3/2	2166							
107	106	633/2	1.5		3/8	3/8	Chord	6/8	2	2	3/8			1/4	3/2	2167							
108	107	318	0.0		0	0	Dynamic	6/8	1	1	0						f						
108	107	318	0.0		0	0	Chord	6/8	1	1	0	grace32		1/32	1	2168							
108	107	318	0.0		0	0	Chord	6/8	1	1	0	grace32		1/32	1	2169							
108	107	318	0.5		0	0	Chord	6/8	1	1	1/8			1/8	1	2170							
108	107	637/2	0.08333333333333333		1/8	1/8	Chord	6/8	1	1	1/48			1/32	2/3	2171							
108	107	3823/12	0.08333333333333333		7/48	7/48	Chord	6/8	1	1	1/48			1/32	2/3	2172						249	
108	107	956/3	0.08333333333333333		1/6	1/6	Chord	6/8	1	1	1/48			1/32	2/3	2173						249	
108	107	1275/4	0.08333333333333333		3/16	3/16	Chord	6/8	1	1	1/48			1/32	2/3	2174						249	
108	107	1913/6	0.08333333333333333		5/24	5/24	Chord	6/8	1	1	1/48			1/32	2/3	2175						249	
108	107	3827/12	0.08333333333333333		11/48	11/48	Chord	6/8	1	1	1/48			1/32	2/3	2176						249	
108	107	319	0.08333333333333333		1/4	1/4	Chord	6/8	1	1	1/48			1/32	2/3	2177						249	
108	107	3829/12	0.08333333333333333		13/48	13/48	Chord	6/8	1	1	1/48			1/32	2/3	2178						249	
108	107	1915/6	0.08333333333333333		7/24	7/24	Chord	6/8	1	1	1/48			1/32	2/3	2179						249	
108	107	1277/4	0.08333333333333333		5/16	5/16	Chord	6/8	1	1	1/48			1/32	2/3	2180						249	
108	107	958/3	0.08333333333333333		1/3	1/3	Chord	6/8	1	1	1/48			1/32	2/3	2181						249	
108	107	3833/12	0.08333333333333333		17/48	17/48	Chord	6/8	1	1	1/48			1/32	2/3	2182							
108	107	639/2	0.0625		3/8	3/8	Chord	6/8	1	1	1/64			1/64	1	2183							
108	107	5113/16	0.0625		25/64	25/64	Chord	6/8	1	1	1/64			1/64	1	2184						250	
108	107	2557/8	0.0625		13/32	13/32	Chord	6/8	1	1	1/64			1/64	1	2185						250	
108	107	5115/16	0.0625		27/64	27/64	Chord	6/8	1	1	1/64			1/64	1	2186						250	
108	107	1279/4	0.0625		7/16	7/16	Chord	6/8	1	1	1/64			1/64	1	2187						250	
108	107	5117/16	0.0625		29/64	29/64	Chord	6/8	1	1	1/64			1/64	1	2188						250	
108	107	2559/8	0.0625		15/32	15/32	Chord	6/8	1	1	1/64			1/64	1	2189						250	
108	107	5119/16	0.0625		31/64	31/64	Chord	6/8	1	1	1/64			1/64	1	2190						250	
108	107	320	0.0625		1/2	1/2	Chord	6/8	1	1	1/64			1/64	1	2191						250	
108	107	5121/16	0.0625		33/64	33/64	Chord	6/8	1	1	1/64			1/64	1	2192						250	
108	107	2561/8	0.0625		17/32	17/32	Chord	6/8	1	1	1/64			1/64	1	2193						250	
108	107	5123/16	0.0625		35/64	35/64	Chord	6/8	1	1	1/64			1/64	1	2194						250	
108	107	1281/4	0.0625		9/16	9/16	Chord	6/8	1	1	1/64			1/64	1	2195						250	
108	107	5125/16	0.0625		37/64	37/64	Chord	6/8	1	1	1/64			1/64	1	2196						250	
108	107	2563/8	0.0625		19/32	19/32	Chord	6/8	1	1	1/64			1/64	1	2197						250	
108	107	5127/16	0.0625		39/64	39/64	Chord	6/8	1	1	1/64			1/64	1	2198						250	
108	107	641/2	0.0625		5/8	5/8	Chord	6/8	1	1	1/64			1/64	1	2199						250	
108	107	5129/16	0.0625		41/64	41/64	Chord	6/8	1	1	1/64			1/64	1	2200						250	
108	107	2565/8	0.0625		21/32	21/32	Chord	6/8	1	1	1/64			1/64	1	2201						250	
108	107	5131/16	0.0625		43/64	43/64	Chord	6/8	1	1	1/64			1/64	1	2202						250	
108	107	1283/4	0.0625		11/16	11/16	Chord	6/8	1	1	1/64			1/64	1	2203						250	
108	107	5133/16	0.0625		45/64	45/64	Chord	6/8	1	1	1/64			1/64	1	2204						250	
108	107	2567/8	0.0625		23/32	23/32	Chord	6/8	1	1	1/64			1/64	1	2205						250	
108	107	5135/16	0.0625		47/64	47/64	Chord	6/8	1	1	1/64			1/64	1	2206						250	
108	107	318	0.125		0	0	Chord	6/8	2	1	1/32			1/32	1	2207						251	
108	107	2545/8	0.125		1/32	1/32	Chord	6/8	2	1	1/32			1/32	1	2208						251	
108	107	1273/4	0.125		1/16	1/16	Chord	6/8	2	1	1/32			1/32	1	2209						251	
108	107	2547/8	0.125		3/32	3/32	Chord	6/8	2	1	1/32			1/32	1	2210						251	
108	107	637/2	0.125		1/8	1/8	Chord	6/8	2	1	1/32			1/32	1	2211						251	
108	107	2549/8	0.125		5/32	5/32	Chord	6/8	2	1	1/32			1/32	1	2212						251	
108	107	1275/4	0.125		3/16	3/16	Chord	6/8	2	1	1/32			1/32	1	2213						251	
108	107	2551/8	0.125		7/32	7/32	Chord	6/8	2	1	1/32			1/32	1	2214						251	
108	107	319	0.125		1/4	1/4	Chord	6/8	2	1	1/32			1/32	1	2215						251	
108	107	2553/8	0.125		9/32	9/32	Chord	6/8	2	1	1/32			1/32	1	2216						251	
108	107	1277/4	0.125		5/16	5/16	Chord	6/8	2	1	1/32			1/32	1	2217						251	
108	107	2555/8	0.125		11/32	11/32	Chord	6/8	2	1	1/32			1/32	1	2218						251	
108	107	639/2	1.5		3/8	3/8	Chord	6/8	2	1	3/8			1/4	3/2	2219							
108	107	639/2	1.0		3/8	3/8	Chord	6/8	2	2	1/4			1/4	1	2220							
108	107	641/2	0.5		5/8	5/8	Chord	6/8	2	2	1/8			1/8	1	2221							
109	108		0.0	1	0	0	Dynamic	6/8	1	1	0						p						
109	108		0.125	1	0	0	Chord	6/8	1	1	1/32			1/32	1	2222							
109	108		0.125	1	1/32	1/32	Chord	6/8	1	1	1/32			1/32	1	2223						252	
109	108		0.125	1	1/16	1/16	Chord	6/8	1	1	1/32			1/32	1	2224						252	
109	108		0.125	1	3/32	3/32	Chord	6/8	1	1	1/32			1/32	1	2225						252	
109	108		0.125	1	1/8	1/8	Chord	6/8	1	1	1/32			1/32	1	2226							
109	108		0.125	1	5/32	5/32	Chord	6/8	1	1	1/32			1/32	1	2227						253	
109	108		0.125	1	3/16	3/16	Chord	6/8	1	1	1/32			1/32	1	2228						253	
109	108		0.125	1	7/32	7/32	Chord	6/8	1	1	1/32			1/32	1	2229						253	
109	108		0.125	1	1/4	1/4	Chord	6/8	1	1	1/32			1/32	1	2230						253	
109	108		0.125	1	9/32	9/32	Chord	6/8	1	1	1/32			1/32	1	2231						253	
109	108		0.125	1	5/16	5/16	Chord	6/8	1	1	1/32			1/32	1	2232						253	
109	108		0.125	1	11/32	11/32	Chord	6/8	1	1	1/32			1/32	1	2233							
109	108		0.5	1	3/8	3/8	Chord	6/8	1	1	1/8			1/8	1	2234						254	
109	108		0.08333333333333333	1	1/2	1/2	Chord	6/8	1	1	1/48			1/32	2/3	2235							
109	108		0.08333333333333333	1	25/48	25/48	Chord	6/8	1	1	1/48			1/32	2/3	2236							
109	108		0.08333333333333333	1	13/24	13/24	Chord	6/8	1	1	1/48			1/32	2/3	2237							
109	108		0.08333333333333333	1	9/16	9/16	Chord	6/8	1	1	1/48			1/32	2/3	2238							
109	108		0.08333333333333333	1	7/12	7/12	Chord	6/8	1	1	1/48			1/32	2/3	2239							
109	108		0.08333333333333333	1	29/48	29/48	Chord	6/8	1	1	1/48			1/32	2/3	2240							
109	108		0.08333333333333333	1	5/8	5/8	Chord	6/8	1	1	1/48			1/32	2/3	2241							
109	108		0.08333333333333333	1	31/48	31/48	Chord	6/8	1	1	1/48			1/32	2/3	2242							
109	108		0.08333333333333333	1	2/3	2/3	Chord	6/8	1	1	1/48			1/32	2/3	2243							
109	108		0.08333333333333333	1	11/16	11/16	Chord	6/8	1	1	1/48			1/32	2/3	2244							
109	108		0.08333333333333333	1	17/24	17/24	Chord	6/8	1	1	1/48			1/32	2/3	2245							
109	108		0.08333333333333333	1	35/48	35/48	Chord	6/8	1	1	1/48			1/32	2/3	2246							
109	108		0.5	1	3/8	3/8	Chord	6/8	1	2	1/8			1/8	1	2247							
109	108		0.5	1	0	0	Chord	6/8	2	1	1/8			1/8	1	2248							
109	108		0.5	1	1/8	1/8	Chord	6/8	2	1	1/8			1/8	1	2249							
109	108		0.5	1	1/4	1/4	Chord	6/8	2	1	1/8			1/8	1	2250							
109	108		0.5	1	3/8	3/8	Chord	6/8	2	1	1/8			1/8	1	2251						255	
109	108		0.5	1	1/2	1/2	Chord	6/8	2	1	1/8			1/8	1	2252							
109	108		1.0	1	3/8	3/8	Chord	6/8	2	2	1/4			1/4	1	2253							
110	108	321	0.0	2	0	0	Dynamic	6/8	1	1	0						p						
110	108	321	0.125	2	0	0	Chord	6/8	1	1	1/32			1/32	1	2254							
110	108	2569/8	0.125	2	1/32	1/32	Chord	6/8	1	1	1/32			1/32	1	2255						256	
110	108	1285/4	0.125	2	1/16	1/16	Chord	6/8	1	1	1/32			1/32	1	2256						256	
110	108	2571/8	0.125	2	3/32	3/32	Chord	6/8	1	1	1/32			1/32	1	2257						256	
110	108	643/2	0.125	2	1/8	1/8	Chord	6/8	1	1	1/32			1/32	1	2258							
110	108	2573/8	0.125	2	5/32	5/32	Chord	6/8	1	1	1/32			1/32	1	2259						257	
110	108	1287/4	0.125	2	3/16	3/16	Chord	6/8	1	1	1/32			1/32	1	2260						257	
110	108	2575/8	0.125	2	7/32	7/32	Chord	6/8	1	1	1/32			1/32	1	2261							
110	108	322	0.125	2	1/4	1/4	Chord	6/8	1	1	1/32			1/32	1	2262						258	
110	108	2577/8	0.125	2	9/32	9/32	Chord	6/8	1	1	1/32			1/32	1	2263						258	
110	108	1289/4	0.125	2	5/16	5/16	Chord	6/8	1	1	1/32			1/32	1	2264						258	
110	108	2579/8	0.125	2	11/32	11/32	Chord	6/8	1	1	1/32			1/32	1	2265							
110	108	645/2	1.0	2	3/8	3/8	Chord	6/8	1	1	1/4			1/4	1	2266						259	
110	108	647/2	0.5	2	5/8	5/8	Chord	6/8	1	1	1/8			1/8	1	2267							
110	108	645/2	1.5	2	3/8	3/8	Chord	6/8	1	2	3/8			1/4	3/2	2268							
110	108	321	0.5	2	0	0	Chord	6/8	2	1	1/8			1/8	1	2269							
110	108	643/2	0.5	2	1/8	1/8	Chord	6/8	2	1	1/8			1/8	1	2270							
110	108	322	0.5	2	1/4	1/4	Chord	6/8	2	1	1/8			1/8	1	2271							
110	108	645/2	1.0	2	3/8	3/8	Chord	6/8	2	1	1/4			1/4	1	2272						260	
110	108	647/2	0.5	2	5/8	5/8	Chord	6/8	2	1	1/8			1/8	1	2273							
110	108	645/2	1.5	2	3/8	3/8	Chord	6/8	2	2	3/8			1/4	3/2	2274							
111	109	324	0.0		0	0	Tempo	4/4	1	1	0									𝅘𝅥 = 116	116		
111	109	324	0.0		0	0	Dynamic	4/4	1	1	0						p						
111	109	324	0.5		0	0	Chord	4/4	1	1	1/8			1/8	1	2275							
111	109	649/2	0.0		1/8	1/8	Chord	4/4	1	1	0	grace16		1/16	1	2276							
111	109	649/2	0.25		1/8	1/8	Chord	4/4	1	1	1/16			1/16	1	2277						261	
111	109	1299/4	0.25		3/16	3/16	Chord	4/4	1	1	1/16			1/16	1	2278						261	
111	109	325	0.5		1/4	1/4	Chord	4/4	1	1	1/8			1/8	1	2279							
111	109	651/2	0.5		3/8	3/8	Chord	4/4	1	1	1/8			1/8	1	2280							
111	109	326	0.5		1/2	1/2	Chord	4/4	1	1	1/8			1/8	1	2281						262	
111	109	653/2	0.5		5/8	5/8	Chord	4/4	1	1	1/8			1/8	1	2282							
111	109	327	0.5		3/4	3/4	Chord	4/4	1	1	1/8			1/8	1	2283							
111	109	655/2	0.5		7/8	7/8	Chord	4/4	1	1	1/8			1/8	1	2284							
111	109	324	0.5		0	0	Chord	4/4	2	1	1/8			1/8	1	2285						263	
111	109	649/2	0.5		1/8	1/8	Chord	4/4	2	1	1/8			1/8	1	2286						263	
111	109	325	0.5		1/4	1/4	Chord	4/4	2	1	1/8			1/8	1	2287						263	
111	109	651/2	0.5		3/8	3/8	Chord	4/4	2	1	1/8			1/8	1	2288						263	
111	109	326	0.5		1/2	1/2	Chord	4/4	2	1	1/8			1/8	1	2289						263	
111	109	653/2	0.5		5/8	5/8	Chord	4/4	2	1	1/8			1/8	1	2290						263	
111	109	327	0.5		3/4	3/4	Chord	4/4	2	1	1/8			1/8	1	2291						263	
111	109	655/2	0.5		7/8	7/8	Chord	4/4	2	1	1/8			1/8	1	2292							
112	110	328	0.5		0	0	Chord	4/4	1	1	1/8			1/8	1	2293							
112	110	657/2	0.0		1/8	1/8	Chord	4/4	1	1	0	grace16		1/16	1	2294							
112	110	657/2	0.25		1/8	1/8	Chord	4/4	1	1	1/16			1/16	1	2295						264	
112	110	1315/4	0.25		3/16	3/16	Chord	4/4	1	1	1/16			1/16	1	2296						264	
112	110	329	0.5		1/4	1/4	Chord	4/4	1	1	1/8			1/8	1	2297							
112	110	659/2	0.5		3/8	3/8	Chord	4/4	1	1	1/8			1/8	1	2298							
112	110	330	0.5		1/2	1/2	Chord	4/4	1	1	1/8			1/8	1	2299						265	
112	110	661/2	0.5		5/8	5/8	Chord	4/4	1	1	1/8			1/8	1	2300							
112	110	331	0.5		3/4	3/4	Chord	4/4	1	1	1/8			1/8	1	2301							
112	110	663/2	0.5		7/8	7/8	Chord	4/4	1	1	1/8			1/8	1	2302							
112	110	328	0.5		0	0	Chord	4/4	2	1	1/8			1/8	1	2303						266	
112	110	657/2	0.5		1/8	1/8	Chord	4/4	2	1	1/8			1/8	1	2304						266	
112	110	329	0.5		1/4	1/4	Chord	4/4	2	1	1/8			1/8	1	2305						266	
112	110	659/2	0.5		3/8	3/8	Chord	4/4	2	1	1/8			1/8	1	2306						266	
112	110	330	0.5		1/2	1/2	Chord	4/4	2	1	1/8			1/8	1	2307						266	
112	110	661/2	0.5		5/8	5/8	Chord	4/4	2	1	1/8			1/8	1	2308						266	
112	110	331	0.5		3/4	3/4	Chord	4/4	2	1	1/8			1/8	1	2309						266	
112	110	663/2	0.5		7/8	7/8	Chord	4/4	2	1	1/8			1/8	1	2310							
113	111	332	0.5		0	0	Chord	4/4	1	1	1/8			1/8	1	2311						267	
113	111	665/2	0.5		1/8	1/8	Chord	4/4	1	1	1/8			1/8	1	2312							
113	111	667/2	0.5		3/8	3/8	Chord	4/4	1	1	1/8			1/8	1	2313							
113	111	669/2	0.5		5/8	5/8	Chord	4/4	1	1	1/8			1/8	1	2314							
113	111	671/2	0.5		7/8	7/8	Chord	4/4	1	1	1/8			1/8	1	2315							
113	111	332	0.5		0	0	Chord	4/4	2	1	1/8			1/8	1	2316						268	
113	111	665/2	0.5		1/8	1/8	Chord	4/4	2	1	1/8			1/8	1	2317						268	
113	111	333	0.5		1/4	1/4	Chord	4/4	2	1	1/8			1/8	1	2318						268	
113	111	667/2	0.5		3/8	3/8	Chord	4/4	2	1	1/8			1/8	1	2319						268	
113	111	334	0.5		1/2	1/2	Chord	4/4	2	1	1/8			1/8	1	2320						268	
113	111	669/2	0.5		5/8	5/8	Chord	4/4	2	1	1/8			1/8	1	2321						268	
113	111	335	0.5		3/4	3/4	Chord	4/4	2	1	1/8			1/8	1	2322						268	
113	111	671/2	0.5		7/8	7/8	Chord	4/4	2	1	1/8			1/8	1	2323							
114	112	336	0.0		0	0	Chord	4/4	1	1	0	grace16		1/16	1	2324							
114	112	336	0.5		0	0	Chord	4/4	1	1	1/8			1/8	1	2325							
114	112	673/2	0.5		1/8	1/8	Chord	4/4	1	1	1/8			1/8	1	2326							
114	112	337	0.0		1/4	1/4	Chord	4/4	1	1	0	grace16		1/16	1	2327							
114	112	337	0.5		1/4	1/4	Chord	4/4	1	1	1/8			1/8	1	2328							
114	112	675/2	0.5		3/8	3/8	Chord	4/4	1	1	1/8			1/8	1	2329							
114	112	338	1.0		1/2	1/2	Chord	4/4	1	1	1/4			1/4	1	2330						269	
114	112	339	0.5		3/4	3/4	Chord	4/4	1	1	1/8			1/8	1	2331							
114	112	336	0.5		0	0	Chord	4/4	2	1	1/8			1/8	1	2332						270	
114	112	673/2	0.5		1/8	1/8	Chord	4/4	2	1	1/8			1/8	1	2333						270	
114	112	337	0.5		1/4	1/4	Chord	4/4	2	1	1/8			1/8	1	2334						270	
114	112	675/2	0.5		3/8	3/8	Chord	4/4	2	1	1/8			1/8	1	2335							
114	112	338	1.0		1/2	1/2	Chord	4/4	2	1	1/4			1/4	1	2336						271	
114	112	339	0.5		3/4	3/4	Chord	4/4	2	1	1/8			1/8	1	2337							
114	112	338	1.5		1/2	1/2	Chord	4/4	2	2	3/8			1/4	3/2	2338							
115	113	340	0.0		0	0	Dynamic	4/4	1	1	0						f						
115	113	340	0.25		0	0	Chord	4/4	1	1	1/16			1/16	1	2339							
115	113	1361/4	0.25		1/16	1/16	Chord	4/4	1	1	1/16			1/16	1	2340							
115	113	681/2	0.25		1/8	1/8	Chord	4/4	1	1	1/16			1/16	1	2341							
115	113	1363/4	0.25		3/16	3/16	Chord	4/4	1	1	1/16			1/16	1	2342							
115	113	341	0.25		1/4	1/4	Chord	4/4	1	1	1/16			1/16	1	2343							
115	113	1365/4	0.25		5/16	5/16	Chord	4/4	1	1	1/16			1/16	1	2344							
115	113	683/2	0.25		3/8	3/8	Chord	4/4	1	1	1/16			1/16	1	2345							
115	113	1367/4	0.25		7/16	7/16	Chord	4/4	1	1	1/16			1/16	1	2346							
115	113	342	0.25		1/2	1/2	Chord	4/4	1	1	1/16			1/16	1	2347							
115	113	1369/4	0.25		9/16	9/16	Chord	4/4	1	1	1/16			1/16	1	2348							
115	113	685/2	0.25		5/8	5/8	Chord	4/4	1	1	1/16			1/16	1	2349							
115	113	1371/4	0.25		11/16	11/16	Chord	4/4	1	1	1/16			1/16	1	2350							
115	113	343	0.25		3/4	3/4	Chord	4/4	1	1	1/16			1/16	1	2351							
115	113	1373/4	0.25		13/16	13/16	Chord	4/4	1	1	1/16			1/16	1	2352							
115	113	687/2	0.25		7/8	7/8	Chord	4/4	1	1	1/16			1/16	1	2353							
115	113	1375/4	0.25		15/16	15/16	Chord	4/4	1	1	1/16			1/16	1	2354							
115	113	340	1.0		0	0	Chord	4/4	2	1	1/4			1/4	1	2355							
115	113	342	1.0		1/2	1/2	Chord	4/4	2	1	1/4			1/4	1	2356							
116	114	344	0.25		0	0	Chord	4/4	1	1	1/16			1/16	1	2357							
116	114	1377/4	0.25		1/16	1/16	Chord	4/4	1	1	1/16			1/16	1	2358							
116	114	689/2	0.25		1/8	1/8	Chord	4/4	1	1	1/16			1/16	1	2359							
116	114	1379/4	0.25		3/16	3/16	Chord	4/4	1	1	1/16			1/16	1	2360							
116	114	345	0.25		1/4	1/4	Chord	4/4	1	1	1/16			1/16	1	2361							
116	114	1381/4	0.25		5/16	5/16	Chord	4/4	1	1	1/16			1/16	1	2362							
116	114	691/2	0.25		3/8	3/8	Chord	4/4	1	1	1/16			1/16	1	2363							
116	114	1383/4	0.25		7/16	7/16	Chord	4/4	1	1	1/16			1/16	1	2364							
116	114	346	0.25		1/2	1/2	Chord	4/4	1	1	1/16			1/16	1	2365							
116	114	1385/4	0.25		9/16	9/16	Chord	4/4	1	1	1/16			1/16	1	2366							
116	114	693/2	0.25		5/8	5/8	Chord	4/4	1	1	1/16			1/16	1	2367							
116	114	1387/4	0.25		11/16	11/16	Chord	4/4	1	1	1/16			1/16	1	2368							
116	114	347	0.25		3/4	3/4	Chord	4/4	1	1	1/16			1/16	1	2369							
116	114	1389/4	0.25		13/16	13/16	Chord	4/4	1	1	1/16			1/16	1	2370							
116	114	695/2	0.25		7/8	7/8	Chord	4/4	1	1	1/16			1/16	1	2371							
116	114	1391/4	0.25		15/16	15/16	Chord	4/4	1	1	1/16			1/16	1	2372							
116	114	344	1.0		0	0	Chord	4/4	2	1	1/4			1/4	1	2373							
116	114	346	1.0		1/2	1/2	Chord	4/4	2	1	1/4			1/4	1	2374							
117	115	348	0.25		0	0	Chord	4/4	1	1	1/16			1/16	1	2375							
117	115	1393/4	0.25		1/16	1/16	Chord	4/4	1	1	1/16			1/16	1	2376							
117	115	697/2	0.25		1/8	1/8	Chord	4/4	1	1	1/16			1/16	1	2377							
117	115	1395/4	0.25		3/16	3/16	Chord	4/4	1	1	1/16			1/16	1	2378							
117	115	349	0.25		1/4	1/4	Chord	4/4	1	1	1/16			1/16	1	2379							
117	115	1397/4	0.25		5/16	5/16	Chord	4/4	1	1	1/16			1/16	1	2380							
117	115	699/2	0.25		3/8	3/8	Chord	4/4	1	1	1/16			1/16	1	2381							
117	115	1399/4	0.25		7/16	7/16	Chord	4/4	1	1	1/16			1/16	1	2382							
117	115	350	0.25		1/2	1/2	Chord	4/4	1	1	1/16			1/16	1	2383							
117	115	1401/4	0.25		9/16	9/16	Chord	4/4	1	1	1/16			1/16	1	2384							
117	115	701/2	0.25		5/8	5/8	Chord	4/4	1	1	1/16			1/16	1	2385							
117	115	1403/4	0.25		11/16	11/16	Chord	4/4	1	1	1/16			1/16	1	2386							
117	115	351	0.25		3/4	3/4	Chord	4/4	1	1	1/16			1/16	1	2387							
117	115	1405/4	0.25		13/16	13/16	Chord	4/4	1	1	1/16			1/16	1	2388							
117	115	703/2	0.25		7/8	7/8	Chord	4/4	1	1	1/16			1/16	1	2389							
117	115	1407/4	0.25		15/16	15/16	Chord	4/4	1	1	1/16			1/16	1	2390							
117	115	348	0.5		0	0	Chord	4/4	2	1	1/8			1/8	1	2391							
117	115	697/2	0.5		1/8	1/8	Chord	4/4	2	1	1/8			1/8	1	2392							
117	115	349	0.5		1/4	1/4	Chord	4/4	2	1	1/8			1/8	1	2393							
117	115	699/2	0.5		3/8	3/8	Chord	4/4	2	1	1/8			1/8	1	2394							
117	115	350	0.5		1/2	1/2	Chord	4/4	2	1	1/8			1/8	1	2395							
117	115	701/2	0.5		5/8	5/8	Chord	4/4	2	1	1/8			1/8	1	2396							
117	115	351	0.5		3/4	3/4	Chord	4/4	2	1	1/8			1/8	1	2397							
117	115	703/2	0.5		7/8	7/8	Chord	4/4	2	1	1/8			1/8	1	2398							
118	116	352	0.25		0	0	Chord	4/4	1	1	1/16			1/16	1	2399							
118	116	1409/4	0.25		1/16	1/16	Chord	4/4	1	1	1/16			1/16	1	2400							
118	116	705/2	0.25		1/8	1/8	Chord	4/4	1	1	1/16			1/16	1	2401							
118	116	1411/4	0.25		3/16	3/16	Chord	4/4	1	1	1/16			1/16	1	2402							
118	116	353	0.25		1/4	1/4	Chord	4/4	1	1	1/16			1/16	1	2403							
118	116	1413/4	0.25		5/16	5/16	Chord	4/4	1	1	1/16			1/16	1	2404							
118	116	707/2	0.25		3/8	3/8	Chord	4/4	1	1	1/16			1/16	1	2405							
118	116	1415/4	0.25		7/16	7/16	Chord	4/4	1	1	1/16			1/16	1	2406							
118	116	354	0.25		1/2	1/2	Chord	4/4	1	1	1/16			1/16	1	2407							
118	116	1417/4	0.25		9/16	9/16	Chord	4/4	1	1	1/16			1/16	1	2408							
118	116	709/2	0.25		5/8	5/8	Chord	4/4	1	1	1/16			1/16	1	2409							
118	116	1419/4	0.25		11/16	11/16	Chord	4/4	1	1	1/16			1/16	1	2410							
118	116	355	1.0		3/4	3/4	Chord	4/4	1	1	1/4			1/4	1	2411							
118	116	352	0.5		0	0	Chord	4/4	2	1	1/8			1/8	1	2412							
118	116	705/2	0.5		1/8	1/8	Chord	4/4	2	1	1/8			1/8	1	2413							
118	116	353	0.5		1/4	1/4	Chord	4/4	2	1	1/8			1/8	1	2414							
118	116	707/2	0.5		3/8	3/8	Chord	4/4	2	1	1/8			1/8	1	2415							
118	116	354	1.0		1/2	1/2	Chord	4/4	2	1	1/4			1/4	1	2416							
118	116	355	1.0		3/4	3/4	Chord	4/4	2	1	1/4			1/4	1	2417							
119	117	356	0.0		0	0	Dynamic	4/4	1	1	0						p						
119	117	356	0.25		0	0	Chord	4/4	1	1	1/16			1/16	1	2418							
119	117	1425/4	0.25		1/16	1/16	Chord	4/4	1	1	1/16			1/16	1	2419							
119	117	713/2	0.25		1/8	1/8	Chord	4/4	1	1	1/16			1/16	1	2420							
119	117	1427/4	0.25		3/16	3/16	Chord	4/4	1	1	1/16			1/16	1	2421							
119	117	357	0.25		1/4	1/4	Chord	4/4	1	1	1/16			1/16	1	2422							
119	117	1429/4	0.25		5/16	5/16	Chord	4/4	1	1	1/16			1/16	1	2423							
119	117	715/2	0.25		3/8	3/8	Chord	4/4	1	1	1/16			1/16	1	2424							
119	117	1431/4	0.25		7/16	7/16	Chord	4/4	1	1	1/16			1/16	1	2425							
119	117	358	0.25		1/2	1/2	Chord	4/4	1	1	1/16			1/16	1	2426						272	
119	117	1433/4	0.25		9/16	9/16	Chord	4/4	1	1	1/16			1/16	1	2427						272	
119	117	717/2	0.25		5/8	5/8	Chord	4/4	1	1	1/16			1/16	1	2428						272	
119	117	1435/4	0.25		11/16	11/16	Chord	4/4	1	1	1/16			1/16	1	2429						272	
119	117	359	0.25		3/4	3/4	Chord	4/4	1	1	1/16			1/16	1	2430						272	
119	117	1437/4	0.25		13/16	13/16	Chord	4/4	1	1	1/16			1/16	1	2431						272	
119	117	719/2	0.25		7/8	7/8	Chord	4/4	1	1	1/16			1/16	1	2432						272	
119	117	1439/4	0.25		15/16	15/16	Chord	4/4	1	1	1/16			1/16	1	2433							
119	117	356	0.5		0	0	Chord	4/4	2	1	1/8			1/8	1	2434							
119	117	713/2	0.5		1/8	1/8	Chord	4/4	2	1	1/8			1/8	1	2435							
119	117	357	0.5		1/4	1/4	Chord	4/4	2	1	1/8			1/8	1	2436							
119	117	715/2	0.5		3/8	3/8	Chord	4/4	2	1	1/8			1/8	1	2437							
119	117	358	0.5		1/2	1/2	Chord	4/4	2	1	1/8			1/8	1	2438							
119	117	717/2	0.5		5/8	5/8	Chord	4/4	2	1	1/8			1/8	1	2439							
119	117	359	0.5		3/4	3/4	Chord	4/4	2	1	1/8			1/8	1	2440							
119	117	719/2	0.5		7/8	7/8	Chord	4/4	2	1	1/8			1/8	1	2441							
120	118	360	0.25		0	0	Chord	4/4	1	1	1/16			1/16	1	2442						273	
120	118	1441/4	0.25		1/16	1/16	Chord	4/4	1	1	1/16			1/16	1	2443						273	
120	118	721/2	0.25		1/8	1/8	Chord	4/4	1	1	1/16			1/16	1	2444						273	
120	118	1443/4	0.25		3/16	3/16	Chord	4/4	1	1	1/16			1/16	1	2445						273	
120	118	361	0.25		1/4	1/4	Chord	4/4	1	1	1/16			1/16	1	2446						273	
120	118	1445/4	0.25		5/16	5/16	Chord	4/4	1	1	1/16			1/16	1	2447						273	
120	118	723/2	0.25		3/8	3/8	Chord	4/4	1	1	1/16			1/16	1	2448						273	
120	118	1447/4	0.25		7/16	7/16	Chord	4/4	1	1	1/16			1/16	1	2449							
120	118	362	0.25		1/2	1/2	Chord	4/4	1	1	1/16			1/16	1	2450						274	
120	118	1449/4	0.25		9/16	9/16	Chord	4/4	1	1	1/16			1/16	1	2451						274	
120	118	725/2	0.25		5/8	5/8	Chord	4/4	1	1	1/16			1/16	1	2452						274	
120	118	1451/4	0.25		11/16	11/16	Chord	4/4	1	1	1/16			1/16	1	2453						274	
120	118	363	0.25		3/4	3/4	Chord	4/4	1	1	1/16			1/16	1	2454						274	
120	118	1453/4	0.25		13/16	13/16	Chord	4/4	1	1	1/16			1/16	1	2455						274	
120	118	727/2	0.25		7/8	7/8	Chord	4/4	1	1	1/16			1/16	1	2456						274	
120	118	1455/4	0.25		15/16	15/16	Chord	4/4	1	1	1/16			1/16	1	2457							
120	118	360	0.5		0	0	Chord	4/4	2	1	1/8			1/8	1	2458							
120	118	721/2	0.5		1/8	1/8	Chord	4/4	2	1	1/8			1/8	1	2459							
120	118	361	0.5		1/4	1/4	Chord	4/4	2	1	1/8			1/8	1	2460							
120	118	723/2	0.5		3/8	3/8	Chord	4/4	2	1	1/8			1/8	1	2461							
120	118	362	0.5		1/2	1/2	Chord	4/4	2	1	1/8			1/8	1	2462							
120	118	725/2	0.5		5/8	5/8	Chord	4/4	2	1	1/8			1/8	1	2463							
120	118	363	0.5		3/4	3/4	Chord	4/4	2	1	1/8			1/8	1	2464							
120	118	727/2	0.5		7/8	7/8	Chord	4/4	2	1	1/8			1/8	1	2465							
121	119	364	0.0		0	0	Dynamic	4/4	1	1	0						f						
121	119	364	0.25		0	0	Chord	4/4	1	1	1/16			1/16	1	2466							
121	119	1457/4	0.25		1/16	1/16	Chord	4/4	1	1	1/16			1/16	1	2467							
121	119	729/2	0.25		1/8	1/8	Chord	4/4	1	1	1/16			1/16	1	2468							
121	119	1459/4	0.25		3/16	3/16	Chord	4/4	1	1	1/16			1/16	1	2469							
121	119	365	0.25		1/4	1/4	Chord	4/4	1	1	1/16			1/16	1	2470							
121	119	1461/4	0.25		5/16	5/16	Chord	4/4	1	1	1/16			1/16	1	2471							
121	119	731/2	0.25		3/8	3/8	Chord	4/4	1	1	1/16			1/16	1	2472							
121	119	1463/4	0.25		7/16	7/16	Chord	4/4	1	1	1/16			1/16	1	2473							
121	119	366	0.25		1/2	1/2	Chord	4/4	1	1	1/16			1/16	1	2474							
121	119	1465/4	0.25		9/16	9/16	Chord	4/4	1	1	1/16			1/16	1	2475							
121	119	733/2	0.25		5/8	5/8	Chord	4/4	1	1	1/16			1/16	1	2476							
121	119	1467/4	0.25		11/16	11/16	Chord	4/4	1	1	1/16			1/16	1	2477							
121	119	367	0.25		3/4	3/4	Chord	4/4	1	1	1/16			1/16	1	2478							
121	119	1469/4	0.25		13/16	13/16	Chord	4/4	1	1	1/16			1/16	1	2479							
121	119	735/2	0.25		7/8	7/8	Chord	4/4	1	1	1/16			1/16	1	2480							
121	119	1471/4	0.25		15/16	15/16	Chord	4/4	1	1	1/16			1/16	1	2481							
121	119	364	1.0		0	0	Chord	4/4	2	1	1/4			1/4	1	2482							
121	119	366	1.0		1/2	1/2	Chord	4/4	2	1	1/4			1/4	1	2483							
122	120	368	0.25		0	0	Chord	4/4	1	1	1/16			1/16	1	2484							
122	120	1473/4	0.25		1/16	1/16	Chord	4/4	1	1	1/16			1/16	1	2485							
122	120	737/2	0.25		1/8	1/8	Chord	4/4	1	1	1/16			1/16	1	2486							
122	120	1475/4	0.25		3/16	3/16	Chord	4/4	1	1	1/16			1/16	1	2487							
122	120	369	0.25		1/4	1/4	Chord	4/4	1	1	1/16			1/16	1	2488							
122	120	1477/4	0.25		5/16	5/16	Chord	4/4	1	1	1/16			1/16	1	2489							
122	120	739/2	0.25		3/8	3/8	Chord	4/4	1	1	1/16			1/16	1	2490							
122	120	1479/4	0.25		7/16	7/16	Chord	4/4	1	1	1/16			1/16	1	2491							
122	120	370	0.25		1/2	1/2	Chord	4/4	1	1	1/16			1/16	1	2492							
122	120	1481/4	0.25		9/16	9/16	Chord	4/4	1	1	1/16			1/16	1	2493							
122	120	741/2	0.25		5/8	5/8	Chord	4/4	1	1	1/16			1/16	1	2494							
122	120	1483/4	0.25		11/16	11/16	Chord	4/4	1	1	1/16			1/16	1	2495							
122	120	371	0.5		3/4	3/4	Chord	4/4	1	1	1/8			1/8	1	2496							
122	120	368	1.0		0	0	Chord	4/4	2	1	1/4			1/4	1	2497							
122	120	369	1.0		1/4	1/4	Chord	4/4	2	1	1/4			1/4	1	2498							
122	120	370	1.0		1/2	1/2	Chord	4/4	2	1	1/4			1/4	1	2499							
122	120	1485/4	0.25		13/16	13/16	Chord	4/4	2	1	1/16			1/16	1	2500							
122	120	743/2	0.25		7/8	7/8	Chord	4/4	2	1	1/16			1/16	1	2501							
122	120	1487/4	0.25		15/16	15/16	Chord	4/4	2	1	1/16			1/16	1	2502							
123	121	372	0.0		0	0	Dynamic	4/4	1	1	0						p						
123	121	372	0.5		0	0	Chord	4/4	1	1	1/8			1/8	1	2503							
123	121	745/2	0.0		1/8	1/8	Chord	4/4	1	1	0	grace16		1/16	1	2504							
123	121	745/2	0.25		1/8	1/8	Chord	4/4	1	1	1/16			1/16	1	2505						275	
123	121	1491/4	0.25		3/16	3/16	Chord	4/4	1	1	1/16			1/16	1	2506						275	
123	121	373	0.5		1/4	1/4	Chord	4/4	1	1	1/8			1/8	1	2507							
123	121	747/2	0.5		3/8	3/8	Chord	4/4	1	1	1/8			1/8	1	2508							
123	121	374	0.5		1/2	1/2	Chord	4/4	1	1	1/8			1/8	1	2509						276	
123	121	749/2	0.5		5/8	5/8	Chord	4/4	1	1	1/8			1/8	1	2510							
123	121	375	0.5		3/4	3/4	Chord	4/4	1	1	1/8			1/8	1	2511							
123	121	751/2	0.5		7/8	7/8	Chord	4/4	1	1	1/8			1/8	1	2512							
123	121	372	0.5		0	0	Chord	4/4	2	1	1/8			1/8	1	2513						277	
123	121	745/2	0.5		1/8	1/8	Chord	4/4	2	1	1/8			1/8	1	2514						277	
123	121	373	0.5		1/4	1/4	Chord	4/4	2	1	1/8			1/8	1	2515						277	
123	121	747/2	0.5		3/8	3/8	Chord	4/4	2	1	1/8			1/8	1	2516						277	
123	121	374	0.5		1/2	1/2	Chord	4/4	2	1	1/8			1/8	1	2517						277	
123	121	749/2	0.5		5/8	5/8	Chord	4/4	2	1	1/8			1/8	1	2518						277	
123	121	375	0.5		3/4	3/4	Chord	4/4	2	1	1/8			1/8	1	2519						277	
123	121	751/2	0.5		7/8	7/8	Chord	4/4	2	1	1/8			1/8	1	2520							
124	122	376	0.5		0	0	Chord	4/4	1	1	1/8			1/8	1	2521							
124	122	753/2	0.0		1/8	1/8	Chord	4/4	1	1	0	grace16		1/16	1	2522							
124	122	753/2	0.25		1/8	1/8	Chord	4/4	1	1	1/16			1/16	1	2523						278	
124	122	1507/4	0.25		3/16	3/16	Chord	4/4	1	1	1/16			1/16	1	2524						278	
124	122	377	0.5		1/4	1/4	Chord	4/4	1	1	1/8			1/8	1	2525							
124	122	755/2	0.5		3/8	3/8	Chord	4/4	1	1	1/8			1/8	1	2526							
124	122	378	0.5		1/2	1/2	Chord	4/4	1	1	1/8			1/8	1	2527						279	
124	122	757/2	0.5		5/8	5/8	Chord	4/4	1	1	1/8			1/8	1	2528							
124	122	379	0.5		3/4	3/4	Chord	4/4	1	1	1/8			1/8	1	2529							
124	122	759/2	0.5		7/8	7/8	Chord	4/4	1	1	1/8			1/8	1	2530							
124	122	376	0.5		0	0	Chord	4/4	2	1	1/8			1/8	1	2531						280	
124	122	753/2	0.5		1/8	1/8	Chord	4/4	2	1	1/8			1/8	1	2532						280	
124	122	377	0.5		1/4	1/4	Chord	4/4	2	1	1/8			1/8	1	2533						280	
124	122	755/2	0.5		3/8	3/8	Chord	4/4	2	1	1/8			1/8	1	2534						280	
124	122	378	0.5		1/2	1/2	Chord	4/4	2	1	1/8			1/8	1	2535						280	
124	122	757/2	0.5		5/8	5/8	Chord	4/4	2	1	1/8			1/8	1	2536						280	
124	122	379	0.5		3/4	3/4	Chord	4/4	2	1	1/8			1/8	1	2537						280	
124	122	759/2	0.5		7/8	7/8	Chord	4/4	2	1	1/8			1/8	1	2538							
125	123	380	0.5		0	0	Chord	4/4	1	1	1/8			1/8	1	2539						281	
125	123	761/2	0.5		1/8	1/8	Chord	4/4	1	1	1/8			1/8	1	2540							
125	123	763/2	0.5		3/8	3/8	Chord	4/4	1	1	1/8			1/8	1	2541							
125	123	765/2	0.0		5/8	5/8	Chord	4/4	1	1	0	grace16		1/16	1	2542							
125	123	765/2	0.5		5/8	5/8	Chord	4/4	1	1	1/8			1/8	1	2543							
125	123	767/2	0.0		7/8	7/8	Chord	4/4	1	1	0	grace16		1/16	1	2544							
125	123	767/2	0.5		7/8	7/8	Chord	4/4	1	1	1/8			1/8	1	2545							
125	123	380	0.5		0	0	Chord	4/4	2	1	1/8			1/8	1	2546						282	
125	123	761/2	0.5		1/8	1/8	Chord	4/4	2	1	1/8			1/8	1	2547						282	
125	123	381	0.5		1/4	1/4	Chord	4/4	2	1	1/8			1/8	1	2548						282	
125	123	763/2	0.5		3/8	3/8	Chord	4/4	2	1	1/8			1/8	1	2549						282	
125	123	382	0.5		1/2	1/2	Chord	4/4	2	1	1/8			1/8	1	2550						282	
125	123	765/2	0.5		5/8	5/8	Chord	4/4	2	1	1/8			1/8	1	2551						282	
125	123	383	0.5		3/4	3/4	Chord	4/4	2	1	1/8			1/8	1	2552						282	
125	123	767/2	0.5		7/8	7/8	Chord	4/4	2	1	1/8			1/8	1	2553							
126	124	769/2	0.0		1/8	1/8	Chord	4/4	1	1	0	grace16		1/16	1	2554							
126	124	769/2	0.5		1/8	1/8	Chord	4/4	1	1	1/8			1/8	1	2555							
126	124	771/2	0.0		3/8	3/8	Chord	4/4	1	1	0	grace16		1/16	1	2556							
126	124	771/2	0.5		3/8	3/8	Chord	4/4	1	1	1/8			1/8	1	2557							
126	124	386	0.5		1/2	1/2	Chord	4/4	1	1	1/8			1/8	1	2558						283	
126	124	773/2	0.5		5/8	5/8	Chord	4/4	1	1	1/8			1/8	1	2559							
126	124	387	0.5		3/4	3/4	Chord	4/4	1	1	1/8			1/8	1	2560							
126	124	386	1.0		1/2	1/2	Chord	4/4	1	2	1/4			1/4	1	2561							
126	124	387	0.5		3/4	3/4	Chord	4/4	1	2	1/8			1/8	1	2562							
126	124	384	0.5		0	0	Chord	4/4	2	1	1/8			1/8	1	2563						284	
126	124	769/2	0.5		1/8	1/8	Chord	4/4	2	1	1/8			1/8	1	2564						284	
126	124	385	0.5		1/4	1/4	Chord	4/4	2	1	1/8			1/8	1	2565						284	
126	124	771/2	0.5		3/8	3/8	Chord	4/4	2	1	1/8			1/8	1	2566							
126	124	386	1.0		1/2	1/2	Chord	4/4	2	1	1/4			1/4	1	2567						285	
126	124	387	0.5		3/4	3/4	Chord	4/4	2	1	1/8			1/8	1	2568							
127	125	388	0.0		0	0	Dynamic	4/4	1	1	0						f						
127	125	388	0.25		0	0	Chord	4/4	1	1	1/16			1/16	1	2569							
127	125	1553/4	0.25		1/16	1/16	Chord	4/4	1	1	1/16			1/16	1	2570							
127	125	777/2	0.25		1/8	1/8	Chord	4/4	1	1	1/16			1/16	1	2571							
127	125	1555/4	0.25		3/16	3/16	Chord	4/4	1	1	1/16			1/16	1	2572							
127	125	389	0.25		1/4	1/4	Chord	4/4	1	1	1/16			1/16	1	2573							
127	125	1557/4	0.25		5/16	5/16	Chord	4/4	1	1	1/16			1/16	1	2574							
127	125	779/2	0.25		3/8	3/8	Chord	4/4	1	1	1/16			1/16	1	2575							
127	125	1559/4	0.25		7/16	7/16	Chord	4/4	1	1	1/16			1/16	1	2576							
127	125	390	0.25		1/2	1/2	Chord	4/4	1	1	1/16			1/16	1	2577							
127	125	1561/4	0.25		9/16	9/16	Chord	4/4	1	1	1/16			1/16	1	2578							
127	125	781/2	0.25		5/8	5/8	Chord	4/4	1	1	1/16			1/16	1	2579							
127	125	1563/4	0.25		11/16	11/16	Chord	4/4	1	1	1/16			1/16	1	2580							
127	125	391	0.25		3/4	3/4	Chord	4/4	1	1	1/16			1/16	1	2581							
127	125	1565/4	0.25		13/16	13/16	Chord	4/4	1	1	1/16			1/16	1	2582							
127	125	783/2	0.25		7/8	7/8	Chord	4/4	1	1	1/16			1/16	1	2583							
127	125	1567/4	0.25		15/16	15/16	Chord	4/4	1	1	1/16			1/16	1	2584							
127	125	388	0.25		0	0	Chord	4/4	2	1	1/16			1/16	1	2585							
127	125	1553/4	0.25		1/16	1/16	Chord	4/4	2	1	1/16			1/16	1	2586							
127	125	777/2	0.25		1/8	1/8	Chord	4/4	2	1	1/16			1/16	1	2587							
127	125	1555/4	0.25		3/16	3/16	Chord	4/4	2	1	1/16			1/16	1	2588							
127	125	389	0.25		1/4	1/4	Chord	4/4	2	1	1/16			1/16	1	2589							
127	125	1557/4	0.25		5/16	5/16	Chord	4/4	2	1	1/16			1/16	1	2590							
127	125	779/2	0.25		3/8	3/8	Chord	4/4	2	1	1/16			1/16	1	2591							
127	125	1559/4	0.25		7/16	7/16	Chord	4/4	2	1	1/16			1/16	1	2592							
127	125	390	0.25		1/2	1/2	Chord	4/4	2	1	1/16			1/16	1	2593							
127	125	1561/4	0.25		9/16	9/16	Chord	4/4	2	1	1/16			1/16	1	2594							
127	125	781/2	0.25		5/8	5/8	Chord	4/4	2	1	1/16			1/16	1	2595							
127	125	1563/4	0.25		11/16	11/16	Chord	4/4	2	1	1/16			1/16	1	2596							
127	125	391	0.25		3/4	3/4	Chord	4/4	2	1	1/16			1/16	1	2597							
127	125	1565/4	0.25		13/16	13/16	Chord	4/4	2	1	1/16			1/16	1	2598							
127	125	783/2	0.25		7/8	7/8	Chord	4/4	2	1	1/16			1/16	1	2599							
127	125	1567/4	0.25		15/16	15/16	Chord	4/4	2	1	1/16			1/16	1	2600							
128	126		0.25	1	0	0	Chord	4/4	1	1	1/16			1/16	1	2601							
128	126		0.25	1	1/16	1/16	Chord	4/4	1	1	1/16			1/16	1	2602							
128	126		0.25	1	1/8	1/8	Chord	4/4	1	1	1/16			1/16	1	2603							
128	126		0.25	1	3/16	3/16	Chord	4/4	1	1	1/16			1/16	1	2604							
128	126		0.25	1	1/4	1/4	Chord	4/4	1	1	1/16			1/16	1	2605							
128	126		0.25	1	5/16	5/16	Chord	4/4	1	1	1/16			1/16	1	2606							
128	126		0.25	1	3/8	3/8	Chord	4/4	1	1	1/16			1/16	1	2607							
128	126		0.25	1	7/16	7/16	Chord	4/4	1	1	1/16			1/16	1	2608							
128	126		0.25	1	1/2	1/2	Chord	4/4	1	1	1/16			1/16	1	2609							
128	126		0.25	1	9/16	9/16	Chord	4/4	1	1	1/16			1/16	1	2610							
128	126		0.25	1	5/8	5/8	Chord	4/4	1	1	1/16			1/16	1	2611							
128	126		0.25	1	11/16	11/16	Chord	4/4	1	1	1/16			1/16	1	2612							
128	126		1.0	1	3/4	3/4	Chord	4/4	1	1	1/4			1/4	1	2613							
128	126		0.25	1	0	0	Chord	4/4	2	1	1/16			1/16	1	2614							
128	126		0.25	1	1/16	1/16	Chord	4/4	2	1	1/16			1/16	1	2615							
128	126		0.25	1	1/8	1/8	Chord	4/4	2	1	1/16			1/16	1	2616							
128	126		0.25	1	3/16	3/16	Chord	4/4	2	1	1/16			1/16	1	2617							
128	126		0.25	1	1/4	1/4	Chord	4/4	2	1	1/16			1/16	1	2618							
128	126		0.25	1	5/16	5/16	Chord	4/4	2	1	1/16			1/16	1	2619							
128	126		0.25	1	3/8	3/8	Chord	4/4	2	1	1/16			1/16	1	2620							
128	126		0.25	1	7/16	7/16	Chord	4/4	2	1	1/16			1/16	1	2621							
128	126		0.25	1	1/2	1/2	Chord	4/4	2	1	1/16			1/16	1	2622							
128	126		0.25	1	9/16	9/16	Chord	4/4	2	1	1/16			1/16	1	2623							
128	126		0.25	1	5/8	5/8	Chord	4/4	2	1	1/16			1/16	1	2624							
128	126		0.25	1	11/16	11/16	Chord	4/4	2	1	1/16			1/16	1	2625							
128	126		1.0	1	3/4	3/4	Chord	4/4	2	1	1/4			1/4	1	2626							
129	126	392	0.25	2	0	0	Chord	4/4	1	1	1/16			1/16	1	2627							
129	126	1569/4	0.25	2	1/16	1/16	Chord	4/4	1	1	1/16			1/16	1	2628							
129	126	785/2	0.25	2	1/8	1/8	Chord	4/4	1	1	1/16			1/16	1	2629							
129	126	1571/4	0.25	2	3/16	3/16	Chord	4/4	1	1	1/16			1/16	1	2630							
129	126	393	0.25	2	1/4	1/4	Chord	4/4	1	1	1/16			1/16	1	2631							
129	126	1573/4	0.25	2	5/16	5/16	Chord	4/4	1	1	1/16			1/16	1	2632							
129	126	787/2	0.25	2	3/8	3/8	Chord	4/4	1	1	1/16			1/16	1	2633							
129	126	1575/4	0.25	2	7/16	7/16	Chord	4/4	1	1	1/16			1/16	1	2634							
129	126	394	0.0	2	1/2	1/2	Dynamic	4/4	1	1	0						p						
129	126	394	0.25	2	1/2	1/2	Chord	4/4	1	1	1/16			1/16	1	2635							
129	126	1577/4	0.25	2	9/16	9/16	Chord	4/4	1	1	1/16			1/16	1	2636							
129	126	789/2	0.25	2	5/8	5/8	Chord	4/4	1	1	1/16			1/16	1	2637							
129	126	1579/4	0.25	2	11/16	11/16	Chord	4/4	1	1	1/16			1/16	1	2638							
129	126	395	0.25	2	3/4	3/4	Chord	4/4	1	1	1/16			1/16	1	2639							
129	126	1581/4	0.25	2	13/16	13/16	Chord	4/4	1	1	1/16			1/16	1	2640							
129	126	791/2	0.25	2	7/8	7/8	Chord	4/4	1	1	1/16			1/16	1	2641							
129	126	1583/4	0.25	2	15/16	15/16	Chord	4/4	1	1	1/16			1/16	1	2642							
129	126	392	0.25	2	0	0	Chord	4/4	2	1	1/16			1/16	1	2643							
129	126	1569/4	0.25	2	1/16	1/16	Chord	4/4	2	1	1/16			1/16	1	2644							
129	126	785/2	0.25	2	1/8	1/8	Chord	4/4	2	1	1/16			1/16	1	2645							
129	126	1571/4	0.25	2	3/16	3/16	Chord	4/4	2	1	1/16			1/16	1	2646							
129	126	393	0.25	2	1/4	1/4	Chord	4/4	2	1	1/16			1/16	1	2647							
129	126	1573/4	0.25	2	5/16	5/16	Chord	4/4	2	1	1/16			1/16	1	2648							
129	126	787/2	0.25	2	3/8	3/8	Chord	4/4	2	1	1/16			1/16	1	2649							
129	126	1575/4	0.25	2	7/16	7/16	Chord	4/4	2	1	1/16			1/16	1	2650							
129	126	394	0.5	2	1/2	1/2	Chord	4/4	2	1	1/8			1/8	1	2651							
129	126	789/2	0.5	2	5/8	5/8	Chord	4/4	2	1	1/8			1/8	1	2652							
129	126	395	0.5	2	3/4	3/4	Chord	4/4	2	1	1/8			1/8	1	2653							
129	126	791/2	0.5	2	7/8	7/8	Chord	4/4	2	1	1/8			1/8	1	2654							
130	127	396	0.25		0	0	Chord	4/4	1	1	1/16			1/16	1	2655							
130	127	1585/4	0.25		1/16	1/16	Chord	4/4	1	1	1/16			1/16	1	2656							
130	127	793/2	0.25		1/8	1/8	Chord	4/4	1	1	1/16			1/16	1	2657							
130	127	1587/4	0.25		3/16	3/16	Chord	4/4	1	1	1/16			1/16	1	2658							
130	127	397	0.25		1/4	1/4	Chord	4/4	1	1	1/16			1/16	1	2659							
130	127	1589/4	0.25		5/16	5/16	Chord	4/4	1	1	1/16			1/16	1	2660							
130	127	795/2	0.25		3/8	3/8	Chord	4/4	1	1	1/16			1/16	1	2661							
130	127	1591/4	0.25		7/16	7/16	Chord	4/4	1	1	1/16			1/16	1	2662							
130	127	398	0.25		1/2	1/2	Chord	4/4	1	1	1/16			1/16	1	2663							
130	127	1593/4	0.25		9/16	9/16	Chord	4/4	1	1	1/16			1/16	1	2664							
130	127	797/2	0.25		5/8	5/8	Chord	4/4	1	1	1/16			1/16	1	2665							
130	127	1595/4	0.25		11/16	11/16	Chord	4/4	1	1	1/16			1/16	1	2666							
130	127	399	0.25		3/4	3/4	Chord	4/4	1	1	1/16			1/16	1	2667							
130	127	1597/4	0.25		13/16	13/16	Chord	4/4	1	1	1/16			1/16	1	2668							
130	127	799/2	0.25		7/8	7/8	Chord	4/4	1	1	1/16			1/16	1	2669							
130	127	1599/4	0.25		15/16	15/16	Chord	4/4	1	1	1/16			1/16	1	2670							
130	127	396	0.5		0	0	Chord	4/4	2	1	1/8			1/8	1	2671							
130	127	793/2	0.5		1/8	1/8	Chord	4/4	2	1	1/8			1/8	1	2672							
130	127	397	0.5		1/4	1/4	Chord	4/4	2	1	1/8			1/8	1	2673							
130	127	795/2	0.5		3/8	3/8	Chord	4/4	2	1	1/8			1/8	1	2674							
130	127	398	0.5		1/2	1/2	Chord	4/4	2	1	1/8			1/8	1	2675							
130	127	797/2	0.5		5/8	5/8	Chord	4/4	2	1	1/8			1/8	1	2676							
130	127	399	0.5		3/4	3/4	Chord	4/4	2	1	1/8			1/8	1	2677							
130	127	799/2	0.5		7/8	7/8	Chord	4/4	2	1	1/8			1/8	1	2678							
131	128	400	0.25		0	0	Chord	4/4	1	1	1/16			1/16	1	2679							
131	128	1601/4	0.25		1/16	1/16	Chord	4/4	1	1	1/16			1/16	1	2680							
131	128	801/2	0.25		1/8	1/8	Chord	4/4	1	1	1/16			1/16	1	2681							
131	128	1603/4	0.25		3/16	3/16	Chord	4/4	1	1	1/16			1/16	1	2682							
131	128	401	0.25		1/4	1/4	Chord	4/4	1	1	1/16			1/16	1	2683							
131	128	1605/4	0.25		5/16	5/16	Chord	4/4	1	1	1/16			1/16	1	2684							
131	128	803/2	0.25		3/8	3/8	Chord	4/4	1	1	1/16			1/16	1	2685							
131	128	1607/4	0.25		7/16	7/16	Chord	4/4	1	1	1/16			1/16	1	2686							
131	128	402	0.75		1/2	1/2	Chord	4/4	1	1	3/16			1/8	3/2	2687							
131	128	1611/4	0.25		11/16	11/16	Chord	4/4	1	1	1/16			1/16	1	2688		articStaccatoAbove					
131	128	403	0.0		3/4	3/4	Chord	4/4	1	1	0	grace32		1/32	1	2689							
131	128	403	0.0		3/4	3/4	Chord	4/4	1	1	0	grace32		1/32	1	2690							
131	128	403	0.0		3/4	3/4	Chord	4/4	1	1	0	grace32		1/32	1	2691							
131	128	403	1.0		3/4	3/4	Chord	4/4	1	1	1/4			1/4	1	2692							
131	128	400	0.5		0	0	Chord	4/4	2	1	1/8			1/8	1	2693							
131	128	801/2	0.5		1/8	1/8	Chord	4/4	2	1	1/8			1/8	1	2694							
131	128	401	0.5		1/4	1/4	Chord	4/4	2	1	1/8			1/8	1	2695							
131	128	803/2	0.5		3/8	3/8	Chord	4/4	2	1	1/8			1/8	1	2696							
131	128	402	1.0		1/2	1/2	Chord	4/4	2	1	1/4			1/4	1	2697							
132	129	1619/4	0.25		3/16	3/16	Chord	4/4	1	1	1/16			1/16	1	2698							
132	129	405	0.0		1/4	1/4	Chord	4/4	1	1	0	grace32		1/32	1	2699							
132	129	405	0.0		1/4	1/4	Chord	4/4	1	1	0	grace32		1/32	1	2700							
132	129	405	0.0		1/4	1/4	Chord	4/4	1	1	0	grace32		1/32	1	2701							
132	129	405	1.0		1/4	1/4	Chord	4/4	1	1	1/4			1/4	1	2702							
132	129	1627/4	0.25		11/16	11/16	Chord	4/4	1	1	1/16			1/16	1	2703							
132	129	407	0.0		3/4	3/4	Chord	4/4	1	1	0	grace32		1/32	1	2704							
132	129	407	0.0		3/4	3/4	Chord	4/4	1	1	0	grace32		1/32	1	2705							
132	129	407	0.0		3/4	3/4	Chord	4/4	1	1	0	grace32		1/32	1	2706							
132	129	407	1.0		3/4	3/4	Chord	4/4	1	1	1/4			1/4	1	2707							
132	129	404	1.0		0	0	Chord	4/4	2	1	1/4			1/4	1	2708							
132	129	406	1.0		1/2	1/2	Chord	4/4	2	1	1/4			1/4	1	2709							
133	130	1635/4	0.25		3/16	3/16	Chord	4/4	1	1	1/16			1/16	1	2710							
133	130	409	0.0		1/4	1/4	Chord	4/4	1	1	0	grace32		1/32	1	2711							
133	130	409	0.0		1/4	1/4	Chord	4/4	1	1	0	grace32		1/32	1	2712							
133	130	409	0.0		1/4	1/4	Chord	4/4	1	1	0	grace32		1/32	1	2713							
133	130	409	1.0		1/4	1/4	Chord	4/4	1	1	1/4			1/4	1	2714							
133	130	410	0.0		1/2	1/2	Dynamic	4/4	1	1	0						f						
133	130	1641/4	0.25		9/16	9/16	Chord	4/4	1	1	1/16			1/16	1	2715						286	
133	130	821/2	0.25		5/8	5/8	Chord	4/4	1	1	1/16			1/16	1	2716						286	
133	130	1643/4	0.25		11/16	11/16	Chord	4/4	1	1	1/16			1/16	1	2717						286	
133	130	411	0.25		3/4	3/4	Chord	4/4	1	1	1/16			1/16	1	2718						286	
133	130	1645/4	0.25		13/16	13/16	Chord	4/4	1	1	1/16			1/16	1	2719						286	
133	130	823/2	0.25		7/8	7/8	Chord	4/4	1	1	1/16			1/16	1	2720						286	
133	130	1647/4	0.25		15/16	15/16	Chord	4/4	1	1	1/16			1/16	1	2721							
133	130	408	1.0		0	0	Chord	4/4	2	1	1/4			1/4	1	2722							
133	130	410	1.0		1/2	1/2	Chord	4/4	2	1	1/4			1/4	1	2723							
134	131	1649/4	0.25		1/16	1/16	Chord	4/4	1	1	1/16			1/16	1	2724						287	
134	131	825/2	0.25		1/8	1/8	Chord	4/4	1	1	1/16			1/16	1	2725						287	
134	131	1651/4	0.25		3/16	3/16	Chord	4/4	1	1	1/16			1/16	1	2726						287	
134	131	413	0.25		1/4	1/4	Chord	4/4	1	1	1/16			1/16	1	2727						287	
134	131	1653/4	0.25		5/16	5/16	Chord	4/4	1	1	1/16			1/16	1	2728						287	
134	131	827/2	0.25		3/8	3/8	Chord	4/4	1	1	1/16			1/16	1	2729						287	
134	131	1655/4	0.25		7/16	7/16	Chord	4/4	1	1	1/16			1/16	1	2730							
134	131	1657/4	0.25		9/16	9/16	Chord	4/4	1	1	1/16			1/16	1	2731						288	
134	131	829/2	0.25		5/8	5/8	Chord	4/4	1	1	1/16			1/16	1	2732						288	
134	131	1659/4	0.25		11/16	11/16	Chord	4/4	1	1	1/16			1/16	1	2733						288	
134	131	415	0.25		3/4	3/4	Chord	4/4	1	1	1/16			1/16	1	2734						288	
134	131	1661/4	0.25		13/16	13/16	Chord	4/4	1	1	1/16			1/16	1	2735						288	
134	131	831/2	0.25		7/8	7/8	Chord	4/4	1	1	1/16			1/16	1	2736						288	
134	131	1663/4	0.25		15/16	15/16	Chord	4/4	1	1	1/16			1/16	1	2737							
134	131	412	1.0		0	0	Chord	4/4	2	1	1/4			1/4	1	2738							
134	131	414	1.0		1/2	1/2	Chord	4/4	2	1	1/4			1/4	1	2739							
135	132	1665/4	0.25		1/16	1/16	Chord	4/4	1	1	1/16			1/16	1	2740						289	
135	132	833/2	0.25		1/8	1/8	Chord	4/4	1	1	1/16			1/16	1	2741						289	
135	132	1667/4	0.25		3/16	3/16	Chord	4/4	1	1	1/16			1/16	1	2742						289	
135	132	417	0.25		1/4	1/4	Chord	4/4	1	1	1/16			1/16	1	2743						289	
135	132	1669/4	0.25		5/16	5/16	Chord	4/4	1	1	1/16			1/16	1	2744						289	
135	132	835/2	0.25		3/8	3/8	Chord	4/4	1	1	1/16			1/16	1	2745						289	
135	132	1671/4	0.25		7/16	7/16	Chord	4/4	1	1	1/16			1/16	1	2746							
135	132	418	0.5		1/2	1/2	Chord	4/4	1	1	1/8			1/8	1	2747							
135	132	837/2	0.25		5/8	5/8	Chord	4/4	1	1	1/16			1/16	1	2748							
135	132	1675/4	0.25		11/16	11/16	Chord	4/4	1	1	1/16			1/16	1	2749							
135	132	419	0.25		3/4	3/4	Chord	4/4	1	1	1/16			1/16	1	2750							
135	132	1677/4	0.25		13/16	13/16	Chord	4/4	1	1	1/16			1/16	1	2751							
135	132	839/2	0.25		7/8	7/8	Chord	4/4	1	1	1/16			1/16	1	2752							
135	132	1679/4	0.25		15/16	15/16	Chord	4/4	1	1	1/16			1/16	1	2753							
135	132	416	1.0		0	0	Chord	4/4	2	1	1/4			1/4	1	2754							
135	132	418	1.0		1/2	1/2	Chord	4/4	2	1	1/4			1/4	1	2755							
136	133	420	1.0		0	0	Chord	4/4	1	1	1/4			1/4	1	2756							
136	133	421	1.0		1/4	1/4	Chord	4/4	1	1	1/4			1/4	1	2757							
136	133	422	0.5		1/2	1/2	Chord	4/4	1	1	1/8			1/8	1	2758							
136	133	845/2	0.25		5/8	5/8	Chord	4/4	1	1	1/16			1/16	1	2759							
136	133	1691/4	0.25		11/16	11/16	Chord	4/4	1	1	1/16			1/16	1	2760							
136	133	423	0.25		3/4	3/4	Chord	4/4	1	1	1/16			1/16	1	2761							
136	133	1693/4	0.25		13/16	13/16	Chord	4/4	1	1	1/16			1/16	1	2762							
136	133	847/2	0.25		7/8	7/8	Chord	4/4	1	1	1/16			1/16	1	2763							
136	133	1695/4	0.25		15/16	15/16	Chord	4/4	1	1	1/16			1/16	1	2764							
136	133	421	1.0		1/4	1/4	Chord	4/4	2	1	1/4			1/4	1	2765							
136	133	422	1.0		1/2	1/2	Chord	4/4	2	1	1/4			1/4	1	2766							
137	134	424	1.0		0	0	Chord	4/4	1	1	1/4			1/4	1	2767							
137	134	425	1.0		1/4	1/4	Chord	4/4	1	1	1/4			1/4	1	2768							
137	134	426	1.0		1/2	1/2	Chord	4/4	1	1	1/4			1/4	1	2769							
137	134	425	1.0		1/4	1/4	Chord	4/4	2	1	1/4			1/4	1	2770							
137	134	426	1.0		1/2	1/2	Chord	4/4	2	1	1/4			1/4	1	2771							
